19.200000000000003, 71.91666666666667,71.89999999999999, 8, 6, 0.4, 20,33,[59, 119, 179, 239, 300, 302, 304, 305, 307, 308, 309, 569, 571, 573, 575, 577, 578, 579, 1019, 1020, 1021, 1024, 1025, 1028, 1029, 1075, 1076, 1079, 1139, 1144, 1145, 1147, 1148]
19.200000000000003, 75.91666666666667,75.91666666666667, 8, 6, 0.4, 20,37,[59, 113, 114, 119, 179, 239, 299, 359, 367, 368, 419, 422, 424, 425, 426, 428, 429, 750, 751, 752, 753, 754, 756, 758, 1016, 1017, 1019, 1069, 1070, 1075, 1076, 1079, 1130, 1132, 1133, 1136, 1139]
19.200000000000003, 74.25,74.625, 8, 6, 0.4, 20,23,[60, 119, 179, 186, 187, 239, 244, 245, 289, 291, 299, 352, 353, 359, 419, 479, 483, 484, 487, 488, 532, 533, 539]
19.200000000000003, 59.333333333333336,65.06666666666666, 8, 6, 0.4, 20,13,[839, 955, 956, 958, 1019, 1020, 1021, 1022, 1026, 1028, 1029, 1079, 1139]
19.200000000000003, 68.83333333333333,73.91666666666666, 8, 6, 0.4, 20,31,[59, 119, 179, 186, 187, 239, 304, 305, 307, 308, 309, 409, 719, 832, 837, 839, 901, 902, 903, 904, 907, 908, 909, 1069, 1070, 1075, 1076, 1079, 1133, 1134, 1139]
26.400000000000002, 77.66666666666667,77.93333333333334, 8, 6, 0.55, 20,41,[59, 113, 114, 119, 171, 172, 173, 174, 176, 178, 179, 238, 299, 359, 367, 368, 789, 959, 1019, 1020, 1021, 1022, 1023, 1024, 1025, 1028, 1029, 1079, 1080, 1081, 1083, 1084, 1085, 1086, 1139, 1141, 1142, 1144, 1145, 1146, 1148]
26.400000000000002, 64.0,64.8, 8, 6, 0.55, 20,21,[54, 55, 59, 113, 114, 119, 279, 642, 644, 646, 647, 649, 899, 1069, 1070, 1075, 1076, 1079, 1133, 1134, 1139]
26.400000000000002, 72.66666666666667,72.88333333333334, 8, 6, 0.55, 20,31,[59, 119, 179, 186, 187, 370, 371, 372, 373, 378, 900, 902, 903, 906, 907, 959, 1019, 1020, 1021, 1024, 1025, 1028, 1029, 1079, 1139, 1141, 1142, 1144, 1145, 1146, 1148]
26.400000000000002, 80.91666666666667,84.85833333333333, 8, 6, 0.55, 20,43,[59, 119, 189, 190, 199, 229, 659, 660, 662, 665, 667, 668, 669, 719, 720, 722, 726, 727, 728, 729, 779, 783, 786, 833, 834, 839, 900, 902, 903, 906, 907, 959, 1019, 1020, 1021, 1024, 1025, 1079, 1139, 1144, 1145, 1147, 1148]
26.400000000000002, 81.75,80.025, 8, 6, 0.55, 20,41,[54, 56, 57, 119, 177, 178, 179, 239, 299, 303, 304, 352, 353, 359, 529, 710, 712, 713, 716, 719, 771, 773, 774, 775, 779, 833, 834, 839, 1012, 1015, 1016, 1018, 1019, 1069, 1070, 1075, 1076, 1079, 1130, 1136, 1139]
33.599999999999994, 67.16666666666667,69.6, 8, 6, 0.7, 20,43,[54, 55, 57, 113, 114, 119, 179, 186, 187, 429, 430, 432, 437, 438, 523, 524, 525, 527, 528, 852, 853, 857, 858, 859, 1016, 1018, 1019, 1069, 1070, 1071, 1072, 1075, 1076, 1077, 1078, 1079, 1130, 1132, 1133, 1134, 1135, 1136, 1139]
33.599999999999994, 73.41666666666667,74.64166666666667, 8, 6, 0.7, 20,33,[60, 113, 114, 119, 179, 186, 187, 239, 299, 303, 304, 352, 353, 359, 419, 422, 424, 425, 426, 428, 429, 481, 482, 484, 487, 489, 1139, 1141, 1142, 1144, 1145, 1146, 1148]
33.599999999999994, 73.33333333333333,72.53333333333333, 8, 6, 0.7, 20,23,[60, 119, 179, 359, 362, 363, 367, 369, 532, 533, 538, 945, 946, 949, 1019, 1075, 1076, 1079, 1131, 1132, 1133, 1134, 1139]
33.599999999999994, 73.91666666666667,73.74166666666667, 8, 6, 0.7, 20,35,[60, 113, 114, 119, 432, 436, 438, 599, 662, 663, 667, 668, 669, 754, 755, 759, 891, 892, 899, 959, 1016, 1018, 1019, 1069, 1070, 1075, 1076, 1079, 1130, 1132, 1133, 1134, 1135, 1136, 1139]
33.599999999999994, 64.75,71.68333333333334, 8, 6, 0.7, 20,11,[59, 119, 179, 186, 187, 239, 244, 245, 290, 291, 299]
36.0, 68.0,70.7, 8, 6, 0.75, 20,39,[54, 55, 59, 299, 303, 304, 409, 410, 414, 415, 416, 418, 419, 608, 769, 770, 771, 773, 774, 775, 779, 955, 956, 959, 1019, 1020, 1021, 1024, 1025, 1079, 1080, 1081, 1083, 1084, 1085, 1086, 1087, 1088, 1139]
36.0, 75.58333333333333,74.41666666666666, 8, 6, 0.75, 20,37,[60, 119, 121, 122, 126, 127, 179, 186, 187, 239, 241, 242, 243, 245, 248, 249, 339, 340, 348, 473, 476, 479, 539, 599, 662, 663, 667, 668, 669, 829, 919, 920, 925, 1069, 1133, 1134, 1139]
36.0, 76.83333333333333,77.41666666666667, 8, 6, 0.75, 20,29,[60, 113, 114, 119, 179, 186, 187, 238, 299, 352, 353, 359, 419, 473, 474, 475, 476, 479, 539, 599, 602, 603, 604, 607, 799, 800, 801, 803, 809]
36.0, 71.25,70.7, 8, 6, 0.75, 20,25,[59, 113, 114, 119, 179, 359, 367, 368, 419, 484, 487, 489, 569, 575, 577, 1069, 1070, 1075, 1076, 1079, 1139, 1144, 1145, 1147, 1148]
36.0, 81.91666666666667,81.96666666666667, 8, 6, 0.75, 20,43,[59, 113, 114, 119, 179, 186, 187, 352, 353, 359, 419, 479, 487, 488, 539, 540, 541, 599, 659, 660, 662, 664, 667, 668, 669, 719, 720, 721, 779, 784, 786, 971, 972, 974, 975, 976, 978, 979, 1139, 1141, 1142, 1143, 1149]
38.400000000000006, 73.25,73.425, 8, 6, 0.8, 20,41,[59, 119, 177, 178, 179, 352, 353, 359, 566, 567, 569, 714, 716, 719, 779, 784, 785, 869, 870, 875, 876, 879, 1016, 1017, 1019, 1079, 1080, 1081, 1083, 1084, 1085, 1086, 1087, 1088, 1139, 1141, 1142, 1144, 1145, 1146, 1148]
38.400000000000006, 72.0,69.39166666666667, 8, 6, 0.8, 20,33,[60, 119, 171, 172, 173, 174, 176, 178, 179, 239, 244, 245, 289, 291, 299, 473, 476, 479, 651, 653, 658, 1079, 1080, 1081, 1083, 1084, 1085, 1086, 1087, 1088, 1120, 1122, 1123]
38.400000000000006, 86.75,83.5, 8, 6, 0.8, 20,47,[59, 119, 177, 178, 179, 239, 299, 359, 360, 361, 362, 363, 366, 369, 419, 481, 482, 484, 487, 489, 532, 533, 539, 599, 659, 660, 662, 664, 667, 668, 669, 729, 730, 731, 899, 951, 953, 954, 956, 958, 1130, 1132, 1133, 1134, 1135, 1136, 1139]
38.400000000000006, 74.08333333333333,74.39166666666667, 8, 6, 0.8, 20,37,[59, 119, 179, 239, 244, 245, 299, 359, 367, 368, 563, 564, 566, 567, 569, 719, 720, 721, 862, 863, 864, 867, 869, 1079, 1080, 1081, 1083, 1084, 1085, 1086, 1087, 1088, 1139, 1144, 1145, 1147, 1148]
38.400000000000006, 78.83333333333333,79.20833333333334, 8, 6, 0.8, 20,35,[59, 119, 179, 239, 243, 245, 299, 303, 304, 308, 309, 352, 353, 359, 419, 475, 476, 479, 539, 540, 541, 599, 659, 660, 662, 664, 667, 668, 672, 673, 1149, 1151, 1152, 1155, 1156]
40.8, 78.83333333333333,75.39166666666667, 8, 6, 0.85, 20,33,[59, 119, 171, 172, 173, 174, 176, 178, 179, 239, 244, 245, 532, 533, 539, 714, 716, 719, 771, 773, 774, 775, 779, 833, 834, 839, 891, 892, 899, 1079, 1133, 1134, 1139]
40.8, 82.75,83.575, 8, 6, 0.85, 20,47,[59, 473, 476, 479, 539, 540, 541, 599, 602, 603, 604, 605, 659, 665, 666, 714, 716, 719, 779, 783, 786, 839, 840, 841, 900, 902, 903, 904, 905, 906, 907, 959, 1019, 1020, 1021, 1022, 1026, 1028, 1029, 1079, 1139, 1141, 1142, 1144, 1145, 1146, 1148]
40.8, 83.0,82.10833333333333, 8, 6, 0.85, 20,51,[59, 119, 177, 178, 179, 239, 244, 245, 299, 359, 367, 368, 454, 455, 459, 599, 659, 660, 661, 665, 666, 729, 730, 731, 789, 790, 795, 796, 798, 959, 961, 964, 967, 969, 1019, 1020, 1021, 1024, 1025, 1079, 1080, 1081, 1083, 1084, 1085, 1086, 1087, 1088, 1133, 1134, 1139]
40.8, 76.16666666666667,76.34166666666667, 8, 6, 0.85, 20,31,[54, 56, 57, 113, 114, 119, 177, 178, 179, 239, 299, 359, 419, 629, 632, 634, 637, 638, 901, 902, 903, 904, 905, 906, 907, 1069, 1070, 1075, 1076, 1079, 1139]
40.8, 77.91666666666667,78.025, 8, 6, 0.85, 20,29,[54, 56, 57, 119, 177, 178, 179, 239, 290, 291, 299, 352, 353, 359, 889, 890, 891, 894, 899, 959, 1016, 1018, 1019, 1069, 1070, 1075, 1076, 1079, 1129]
43.2, 80.5,81.175, 8, 6, 0.9, 20,41,[59, 119, 121, 122, 125, 127, 209, 217, 219, 473, 476, 479, 539, 599, 659, 660, 661, 665, 667, 668, 669, 714, 716, 719, 779, 784, 785, 951, 953, 954, 956, 958, 1019, 1079, 1139, 1141, 1142, 1144, 1145, 1146, 1148]
43.2, 76.33333333333333,75.68333333333334, 8, 6, 0.9, 20,35,[60, 111, 112, 113, 114, 115, 116, 117, 118, 119, 179, 186, 187, 239, 299, 359, 367, 368, 419, 479, 483, 484, 487, 488, 549, 1069, 1072, 1073, 1078, 1079, 1120, 1122, 1123, 1128, 1129]
43.2, 81.25,81.24166666666667, 8, 6, 0.9, 20,33,[59, 119, 179, 186, 187, 239, 299, 352, 353, 359, 419, 479, 483, 484, 487, 488, 539, 540, 541, 599, 602, 603, 604, 607, 862, 863, 864, 867, 868, 1075, 1076, 1079, 1139]
43.2, 70.16666666666667,71.11666666666666, 8, 6, 0.9, 20,29,[59, 119, 120, 122, 125, 127, 128, 129, 299, 352, 353, 359, 419, 423, 424, 425, 426, 638, 1012, 1069, 1070, 1075, 1076, 1079, 1139, 1144, 1145, 1147, 1148]
43.2, 71.41666666666667,72.68333333333334, 8, 6, 0.9, 20,35,[59, 113, 114, 119, 179, 239, 244, 245, 419, 479, 487, 488, 539, 540, 541, 543, 546, 547, 549, 609, 616, 617, 819, 820, 823, 826, 827, 828, 829, 989, 990, 993, 994, 999, 1139]
44.400000000000006, 79.91666666666667,82.45, 8, 6, 0.925, 20,37,[59, 113, 114, 119, 179, 186, 187, 239, 243, 245, 359, 367, 368, 473, 474, 475, 476, 479, 539, 599, 659, 719, 829, 955, 956, 958, 1016, 1017, 1019, 1069, 1070, 1075, 1076, 1079, 1133, 1134, 1139]
44.400000000000006, 72.16666666666667,74.18333333333334, 8, 6, 0.925, 20,31,[60, 119, 177, 178, 179, 239, 244, 245, 299, 352, 353, 359, 989, 990, 992, 994, 998, 1079, 1080, 1081, 1083, 1084, 1085, 1086, 1087, 1088, 1139, 1144, 1145, 1147, 1148]
44.400000000000006, 69.5,73.46666666666667, 8, 6, 0.925, 20,13,[54, 55, 57, 119, 179, 186, 187, 239, 289, 291, 299, 1079, 1139]
44.400000000000006, 78.91666666666667,78.85, 8, 6, 0.925, 20,43,[54, 55, 59, 119, 120, 122, 125, 127, 128, 129, 177, 178, 179, 239, 299, 359, 367, 368, 484, 485, 486, 487, 489, 599, 602, 603, 604, 605, 889, 890, 891, 897, 898, 955, 956, 959, 1019, 1069, 1070, 1075, 1076, 1079, 1139]
44.400000000000006, 73.75,75.05, 8, 6, 0.925, 20,41,[49, 50, 51, 53, 54, 56, 57, 113, 114, 119, 359, 360, 361, 362, 364, 366, 369, 473, 476, 479, 539, 599, 899, 955, 956, 958, 1016, 1018, 1019, 1069, 1070, 1075, 1076, 1079, 1130, 1132, 1133, 1134, 1135, 1136, 1139]
45.599999999999994, 76.5,75.4, 8, 6, 0.95, 20,29,[59, 119, 179, 239, 243, 245, 319, 320, 321, 326, 328, 819, 820, 827, 828, 829, 900, 902, 903, 906, 907, 959, 1019, 1079, 1131, 1132, 1133, 1134, 1139]
45.599999999999994, 77.58333333333333,78.325, 8, 6, 0.95, 20,41,[51, 52, 54, 56, 57, 113, 114, 119, 179, 186, 187, 239, 244, 245, 299, 359, 419, 423, 424, 425, 426, 428, 429, 589, 1019, 1020, 1021, 1022, 1023, 1024, 1026, 1028, 1029, 1069, 1070, 1075, 1076, 1079, 1133, 1134, 1139]
45.599999999999994, 77.41666666666667,77.55833333333332, 8, 6, 0.95, 20,37,[59, 113, 114, 119, 177, 178, 179, 229, 230, 235, 236, 238, 299, 819, 820, 823, 826, 827, 828, 829, 891, 892, 899, 959, 1019, 1069, 1070, 1071, 1072, 1075, 1078, 1079, 1130, 1132, 1133, 1136, 1139]
45.599999999999994, 71.83333333333333,69.93333333333334, 8, 6, 0.95, 20,39,[60, 119, 121, 122, 125, 127, 177, 178, 179, 349, 350, 351, 479, 487, 488, 839, 840, 841, 842, 845, 846, 849, 901, 902, 903, 904, 905, 906, 907, 908, 909, 959, 1009, 1079, 1139, 1144, 1145, 1147, 1148]
45.599999999999994, 77.16666666666667,78.5, 8, 6, 0.95, 20,53,[59, 119, 173, 174, 177, 178, 179, 229, 230, 232, 233, 235, 237, 238, 289, 291, 299, 352, 353, 359, 409, 410, 416, 418, 419, 479, 487, 488, 529, 599, 602, 603, 604, 606, 819, 820, 823, 826, 827, 828, 829, 974, 975, 977, 978, 979, 1130, 1132, 1133, 1134, 1135, 1136, 1139]
46.8, 73.33333333333333,74.375, 8, 6, 0.975, 20,41,[59, 119, 189, 619, 620, 621, 624, 625, 626, 628, 754, 755, 759, 839, 840, 841, 843, 845, 901, 902, 903, 904, 905, 906, 907, 908, 909, 969, 1019, 1020, 1021, 1022, 1023, 1024, 1026, 1028, 1029, 1075, 1076, 1079, 1139]
46.8, 78.08333333333333,77.44166666666666, 8, 6, 0.975, 20,45,[54, 56, 57, 113, 114, 119, 177, 178, 179, 239, 244, 245, 299, 359, 367, 368, 409, 410, 416, 417, 419, 473, 474, 475, 476, 479, 642, 643, 649, 819, 820, 823, 826, 827, 828, 829, 900, 1032, 1034, 1036, 1037, 1039, 1133, 1134, 1139]
46.8, 74.66666666666667,76.775, 8, 6, 0.975, 20,31,[54, 56, 57, 119, 121, 122, 177, 178, 179, 239, 243, 245, 299, 352, 353, 359, 419, 667, 668, 669, 1019, 1020, 1021, 1024, 1025, 1069, 1070, 1075, 1076, 1079, 1139]
46.8, 89.66666666666667,90.025, 8, 6, 0.975, 20,63,[59, 111, 114, 115, 116, 117, 118, 119, 179, 229, 230, 232, 233, 235, 237, 238, 299, 352, 353, 359, 419, 509, 511, 516, 517, 519, 659, 660, 661, 665, 666, 714, 716, 719, 779, 784, 785, 839, 840, 841, 891, 892, 899, 959, 1019, 1020, 1021, 1024, 1025, 1079, 1080, 1081, 1083, 1084, 1085, 1086, 1087, 1088, 1139, 1144, 1145, 1146, 1148]
46.8, 74.58333333333333,75.96666666666667, 8, 6, 0.975, 20,33,[54, 55, 57, 113, 114, 119, 179, 469, 471, 472, 477, 478, 539, 669, 670, 671, 672, 676, 677, 679, 891, 892, 899, 959, 1019, 1069, 1070, 1075, 1076, 1079, 1129, 1136, 1139]
48.0, 76.58333333333333,74.25833333333334, 8, 6, 1.0, 20,33,[54, 56, 57, 119, 179, 239, 244, 245, 319, 326, 328, 359, 362, 363, 366, 369, 532, 534, 538, 591, 592, 593, 594, 598, 659, 660, 661, 665, 667, 668, 669, 1079, 1139]
48.0, 72.91666666666667,72.40833333333333, 8, 6, 1.0, 20,27,[54, 55, 57, 113, 114, 119, 177, 178, 179, 239, 299, 352, 353, 359, 419, 422, 424, 425, 426, 428, 429, 700, 703, 705, 706, 708, 1139]
48.0, 77.83333333333333,82.85, 8, 6, 1.0, 20,35,[54, 55, 57, 359, 419, 489, 495, 496, 659, 660, 661, 665, 667, 668, 669, 833, 834, 839, 900, 959, 1019, 1079, 1080, 1081, 1083, 1084, 1085, 1086, 1087, 1088, 1139, 1144, 1145, 1147, 1148]
48.0, 74.91666666666667,74.325, 8, 6, 1.0, 20,27,[54, 56, 57, 113, 114, 119, 259, 260, 261, 369, 371, 372, 374, 376, 771, 773, 774, 775, 779, 839, 899, 959, 1019, 1079, 1133, 1134, 1139]
48.0, 68.83333333333333,69.89166666666667, 8, 6, 1.0, 20,29,[61, 63, 64, 68, 69, 119, 121, 122, 126, 127, 171, 172, 173, 174, 176, 178, 179, 959, 961, 962, 1016, 1017, 1019, 1069, 1070, 1075, 1076, 1079, 1139]
9.142857142857142, 92.66666666666667,92.38333333333333, 8, 8, 0.14285714285714285, 20,59,[60, 119, 179, 186, 187, 239, 299, 352, 353, 359, 419, 423, 424, 425, 426, 473, 476, 479, 539, 540, 541, 599, 779, 784, 785, 839, 840, 841, 843, 844, 901, 902, 903, 904, 905, 906, 907, 908, 909, 959, 961, 962, 1019, 1020, 1021, 1022, 1023, 1024, 1025, 1028, 1029, 1079, 1139, 1141, 1142, 1143, 1145, 1146, 1148]
9.142857142857142, 73.5,72.86666666666667, 8, 8, 0.14285714285714285, 20,39,[59, 229, 230, 232, 233, 235, 237, 238, 300, 302, 304, 305, 307, 308, 309, 549, 551, 552, 554, 558, 669, 672, 674, 677, 678, 839, 840, 841, 891, 892, 899, 959, 960, 964, 966, 969, 1019, 1079, 1139]
9.142857142857142, 75.33333333333333,73.71666666666667, 8, 8, 0.14285714285714285, 20,51,[59, 113, 114, 119, 177, 178, 179, 239, 243, 245, 439, 445, 446, 447, 448, 589, 590, 591, 594, 595, 596, 597, 659, 660, 662, 663, 667, 668, 669, 710, 717, 719, 1016, 1017, 1019, 1069, 1070, 1071, 1072, 1075, 1076, 1077, 1078, 1079, 1130, 1132, 1133, 1134, 1135, 1136, 1139]
9.142857142857142, 69.5,72.875, 8, 8, 0.14285714285714285, 20,29,[59, 111, 112, 113, 114, 115, 116, 117, 118, 119, 179, 186, 187, 239, 299, 359, 367, 368, 429, 430, 432, 437, 438, 752, 753, 754, 756, 759, 1149]
9.142857142857142, 69.58333333333333,70.25, 8, 8, 0.14285714285714285, 20,35,[54, 56, 57, 113, 114, 119, 179, 186, 187, 364, 366, 369, 699, 703, 704, 959, 961, 962, 1013, 1014, 1016, 1018, 1019, 1069, 1070, 1075, 1076, 1079, 1130, 1132, 1133, 1134, 1135, 1136, 1139]
18.285714285714285, 77.91666666666667,83.85833333333333, 8, 8, 0.2857142857142857, 20,49,[54, 56, 57, 113, 114, 119, 171, 174, 176, 178, 179, 239, 243, 245, 290, 291, 299, 359, 360, 361, 362, 364, 366, 369, 409, 410, 414, 415, 416, 418, 419, 882, 885, 886, 889, 951, 953, 954, 956, 958, 1016, 1017, 1019, 1069, 1070, 1075, 1076, 1079, 1139]
18.285714285714285, 64.0,62.133333333333326, 8, 8, 0.2857142857142857, 20,19,[60, 119, 179, 186, 187, 349, 350, 352, 355, 356, 358, 359, 539, 540, 541, 543, 544, 547, 549]
18.285714285714285, 86.91666666666667,84.48333333333333, 8, 8, 0.2857142857142857, 20,57,[60, 119, 171, 172, 173, 174, 176, 178, 179, 239, 243, 245, 299, 303, 304, 475, 476, 479, 539, 599, 602, 603, 604, 606, 659, 665, 666, 719, 720, 721, 771, 772, 779, 959, 961, 964, 967, 969, 1009, 1010, 1011, 1079, 1080, 1081, 1083, 1084, 1085, 1086, 1087, 1088, 1139, 1141, 1142, 1144, 1145, 1146, 1148]
18.285714285714285, 67.66666666666667,70.95, 8, 8, 0.2857142857142857, 20,31,[59, 119, 680, 681, 684, 685, 687, 710, 717, 719, 779, 784, 785, 879, 880, 882, 885, 886, 1016, 1017, 1019, 1069, 1070, 1071, 1072, 1075, 1076, 1079, 1129, 1136, 1139]
18.285714285714285, 63.666666666666664,65.73333333333333, 8, 8, 0.2857142857142857, 20,21,[59, 119, 179, 186, 187, 239, 244, 245, 409, 410, 414, 641, 644, 646, 647, 649, 1159, 1161, 1162, 1164, 1165]
25.904761904761905, 67.83333333333333,69.15, 8, 8, 0.40476190476190477, 20,27,[60, 119, 179, 186, 187, 238, 300, 302, 304, 305, 307, 308, 309, 469, 471, 472, 477, 478, 549, 833, 834, 839, 1069, 1070, 1075, 1076, 1079]
25.904761904761905, 83.16666666666667,81.39166666666667, 8, 8, 0.40476190476190477, 20,39,[59, 113, 114, 119, 179, 239, 300, 302, 304, 306, 307, 308, 309, 359, 549, 569, 575, 577, 659, 660, 662, 663, 667, 668, 669, 741, 742, 744, 745, 749, 899, 952, 953, 955, 956, 958, 1019, 1079, 1139]
25.904761904761905, 74.25,73.225, 8, 8, 0.40476190476190477, 20,41,[59, 113, 114, 119, 179, 229, 230, 232, 233, 235, 237, 238, 336, 337, 339, 609, 616, 617, 618, 619, 771, 773, 774, 775, 779, 949, 950, 951, 953, 954, 956, 958, 1019, 1079, 1131, 1132, 1133, 1134, 1135, 1136, 1139]
25.904761904761905, 78.83333333333333,78.00833333333334, 8, 8, 0.40476190476190477, 20,31,[59, 113, 114, 119, 179, 186, 187, 239, 299, 303, 304, 473, 476, 479, 539, 599, 602, 603, 604, 607, 1019, 1075, 1076, 1079, 1131, 1132, 1133, 1134, 1135, 1136, 1139]
25.904761904761905, 81.41666666666667,84.44166666666668, 8, 8, 0.40476190476190477, 20,43,[54, 55, 59, 113, 114, 119, 173, 174, 177, 178, 179, 239, 244, 245, 299, 359, 367, 368, 419, 481, 482, 484, 487, 488, 539, 599, 652, 653, 659, 769, 929, 931, 932, 936, 937, 1069, 1072, 1073, 1078, 1079, 1133, 1134, 1139]
33.523809523809526, 69.08333333333333,72.73333333333333, 8, 8, 0.5238095238095238, 20,41,[59, 113, 114, 119, 171, 172, 173, 174, 176, 178, 179, 239, 243, 245, 339, 340, 348, 608, 839, 840, 841, 843, 845, 952, 953, 954, 956, 958, 1013, 1014, 1016, 1018, 1019, 1069, 1070, 1075, 1076, 1079, 1133, 1134, 1139]
33.523809523809526, 83.5,82.675, 8, 8, 0.5238095238095238, 20,39,[60, 119, 179, 239, 244, 245, 651, 653, 654, 655, 656, 657, 658, 714, 716, 719, 769, 770, 771, 773, 774, 775, 779, 839, 840, 841, 899, 959, 961, 962, 1016, 1017, 1019, 1075, 1076, 1079, 1133, 1134, 1139]
33.523809523809526, 77.25,78.69166666666668, 8, 8, 0.5238095238095238, 20,53,[54, 55, 57, 113, 114, 119, 179, 186, 187, 270, 271, 272, 273, 279, 419, 473, 476, 479, 539, 540, 541, 543, 545, 547, 549, 629, 633, 634, 637, 638, 899, 959, 961, 962, 1019, 1020, 1021, 1022, 1023, 1024, 1026, 1028, 1029, 1069, 1070, 1075, 1076, 1079, 1139, 1144, 1145, 1147, 1148]
33.523809523809526, 97.91666666666667,97.20833333333333, 8, 8, 0.5238095238095238, 20,59,[60, 119, 179, 186, 187, 239, 243, 245, 290, 291, 299, 359, 367, 368, 419, 473, 474, 475, 476, 479, 539, 599, 659, 719, 720, 721, 771, 772, 779, 833, 834, 839, 901, 902, 903, 904, 905, 906, 907, 955, 956, 958, 1019, 1020, 1021, 1022, 1023, 1024, 1025, 1028, 1029, 1069, 1070, 1075, 1076, 1079, 1133, 1134, 1139]
33.523809523809526, 71.58333333333333,72.98333333333333, 8, 8, 0.5238095238095238, 20,37,[54, 56, 57, 111, 112, 113, 114, 115, 116, 117, 118, 119, 173, 174, 177, 178, 179, 239, 244, 245, 299, 359, 367, 368, 409, 410, 416, 417, 419, 610, 613, 614, 615, 619, 669, 672, 673]
39.61904761904762, 78.5,77.875, 8, 8, 0.6190476190476191, 20,49,[59, 119, 179, 239, 300, 302, 304, 306, 307, 308, 309, 359, 362, 363, 367, 369, 419, 589, 590, 591, 594, 595, 596, 597, 651, 653, 654, 655, 656, 657, 658, 714, 716, 719, 1052, 1054, 1059, 1060, 1061, 1062, 1063, 1068, 1139, 1141, 1142, 1143, 1145, 1146, 1148]
39.61904761904762, 97.0,96.28333333333333, 8, 8, 0.6190476190476191, 20,69,[59, 119, 121, 122, 171, 172, 173, 174, 176, 178, 179, 239, 243, 245, 289, 291, 299, 352, 353, 359, 419, 481, 482, 484, 487, 488, 539, 540, 541, 543, 544, 547, 549, 599, 651, 653, 656, 657, 658, 719, 720, 721, 779, 839, 840, 841, 900, 906, 907, 959, 1019, 1020, 1021, 1024, 1025, 1079, 1080, 1081, 1083, 1084, 1085, 1086, 1139, 1141, 1142, 1144, 1145, 1146, 1148]
39.61904761904762, 78.33333333333333,80.99166666666666, 8, 8, 0.6190476190476191, 20,41,[59, 119, 179, 239, 244, 245, 299, 359, 362, 363, 367, 369, 710, 712, 713, 717, 719, 829, 900, 906, 907, 959, 961, 962, 1019, 1020, 1021, 1022, 1023, 1024, 1026, 1028, 1029, 1079, 1139, 1141, 1142, 1144, 1145, 1146, 1148]
39.61904761904762, 92.0,90.11666666666667, 8, 8, 0.6190476190476191, 20,51,[59, 119, 177, 178, 179, 239, 299, 352, 353, 359, 419, 422, 424, 425, 426, 428, 429, 491, 492, 493, 494, 496, 497, 499, 659, 714, 716, 719, 779, 839, 840, 841, 899, 959, 961, 963, 967, 969, 1019, 1020, 1021, 1024, 1025, 1079, 1139, 1141, 1142, 1144, 1145, 1146, 1148]
39.61904761904762, 82.75,83.40833333333333, 8, 8, 0.6190476190476191, 20,53,[60, 119, 121, 122, 126, 127, 179, 239, 243, 245, 379, 380, 381, 382, 385, 386, 389, 479, 487, 488, 539, 540, 541, 599, 689, 696, 697, 832, 837, 839, 889, 890, 891, 894, 899, 959, 1016, 1017, 1019, 1069, 1070, 1071, 1072, 1075, 1076, 1077, 1078, 1079, 1139, 1144, 1145, 1147, 1148]
45.714285714285715, 81.5,81.00833333333334, 8, 8, 0.7142857142857143, 20,51,[59, 119, 406, 407, 409, 591, 592, 593, 594, 597, 659, 660, 661, 665, 667, 668, 669, 714, 716, 719, 779, 784, 786, 831, 837, 839, 901, 902, 903, 904, 905, 906, 907, 908, 909, 955, 956, 959, 1019, 1020, 1021, 1022, 1023, 1024, 1026, 1028, 1029, 1075, 1076, 1079, 1139]
45.714285714285715, 86.66666666666667,83.93333333333334, 8, 8, 0.7142857142857143, 20,51,[54, 55, 57, 119, 171, 172, 173, 174, 176, 178, 179, 239, 299, 359, 367, 368, 409, 410, 416, 417, 419, 475, 476, 479, 651, 653, 654, 655, 656, 657, 658, 699, 703, 704, 707, 708, 891, 892, 899, 959, 1019, 1020, 1021, 1022, 1023, 1024, 1026, 1028, 1029, 1079, 1139]
45.714285714285715, 77.33333333333333,78.84166666666667, 8, 8, 0.7142857142857143, 20,61,[54, 55, 57, 119, 177, 178, 179, 239, 244, 245, 290, 291, 299, 473, 476, 479, 539, 540, 541, 543, 544, 547, 549, 799, 800, 801, 807, 809, 869, 870, 871, 877, 879, 955, 956, 958, 1019, 1020, 1021, 1022, 1023, 1024, 1026, 1028, 1029, 1079, 1080, 1081, 1083, 1084, 1085, 1086, 1087, 1088, 1139, 1141, 1142, 1144, 1145, 1146, 1148]
45.714285714285715, 80.91666666666667,82.73333333333333, 8, 8, 0.7142857142857143, 20,39,[61, 63, 64, 68, 69, 113, 114, 119, 179, 186, 187, 238, 299, 352, 353, 359, 419, 475, 476, 479, 539, 540, 541, 601, 602, 603, 604, 607, 729, 839, 840, 841, 929, 931, 932, 1069, 1133, 1134, 1139]
45.714285714285715, 81.75,84.84166666666667, 8, 8, 0.7142857142857143, 20,59,[60, 119, 120, 122, 125, 127, 128, 129, 179, 239, 243, 245, 300, 302, 304, 306, 307, 308, 309, 361, 362, 364, 366, 369, 419, 422, 424, 425, 426, 428, 429, 649, 769, 839, 840, 841, 843, 844, 900, 902, 903, 906, 907, 959, 961, 962, 1019, 1020, 1021, 1024, 1025, 1079, 1080, 1084, 1085, 1086, 1087, 1089, 1139]
50.285714285714285, 82.08333333333333,84.60833333333333, 8, 8, 0.7857142857142857, 20,55,[54, 55, 57, 113, 114, 119, 179, 239, 244, 245, 359, 362, 363, 367, 369, 473, 476, 479, 539, 593, 594, 599, 771, 773, 774, 775, 779, 832, 837, 839, 891, 892, 899, 951, 953, 954, 956, 958, 1013, 1014, 1016, 1018, 1019, 1069, 1070, 1071, 1072, 1073, 1078, 1079, 1130, 1132, 1133, 1136, 1139]
50.285714285714285, 89.66666666666667,87.47500000000001, 8, 8, 0.7857142857142857, 20,51,[59, 119, 173, 174, 177, 178, 179, 239, 299, 352, 353, 359, 409, 410, 414, 475, 476, 479, 539, 540, 541, 680, 681, 684, 685, 687, 760, 761, 764, 765, 766, 767, 769, 833, 834, 839, 891, 892, 899, 959, 1019, 1020, 1021, 1024, 1025, 1069, 1070, 1075, 1076, 1079, 1139]
50.285714285714285, 76.91666666666667,79.325, 8, 8, 0.7857142857142857, 20,53,[54, 55, 59, 113, 114, 119, 177, 178, 179, 319, 320, 324, 326, 328, 549, 551, 552, 554, 555, 556, 558, 709, 789, 819, 820, 823, 826, 827, 828, 829, 901, 902, 903, 904, 905, 906, 907, 908, 909, 959, 1019, 1020, 1021, 1024, 1025, 1069, 1070, 1075, 1076, 1079, 1133, 1134, 1139]
50.285714285714285, 83.33333333333333,82.39166666666667, 8, 8, 0.7857142857142857, 20,33,[59, 119, 179, 239, 244, 245, 299, 359, 367, 368, 419, 481, 482, 484, 487, 488, 539, 599, 602, 603, 604, 606, 659, 660, 661, 665, 666, 1075, 1076, 1079, 1129, 1136, 1139]
50.285714285714285, 73.66666666666667,76.71666666666667, 8, 8, 0.7857142857142857, 20,25,[59, 119, 179, 180, 181, 186, 187, 239, 244, 245, 299, 359, 367, 368, 419, 949, 956, 958, 1139, 1141, 1142, 1144, 1145, 1146, 1148]
54.857142857142854, 74.08333333333333,73.44166666666668, 8, 8, 0.8571428571428571, 20,47,[59, 119, 173, 174, 177, 178, 179, 239, 241, 242, 243, 245, 248, 249, 409, 410, 414, 415, 416, 418, 419, 589, 596, 597, 849, 850, 851, 853, 854, 856, 857, 858, 859, 955, 956, 959, 1013, 1014, 1016, 1018, 1019, 1075, 1076, 1079, 1133, 1134, 1139]
54.857142857142854, 92.5,92.68333333333332, 8, 8, 0.8571428571428571, 20,55,[54, 55, 57, 119, 179, 239, 243, 245, 300, 302, 304, 305, 307, 308, 309, 352, 353, 359, 419, 423, 424, 425, 426, 428, 429, 479, 487, 488, 539, 540, 541, 543, 544, 547, 549, 599, 602, 603, 604, 607, 779, 839, 840, 841, 900, 906, 907, 959, 1019, 1079, 1139, 1144, 1145, 1146, 1148]
54.857142857142854, 85.83333333333333,84.075, 8, 8, 0.8571428571428571, 20,53,[59, 119, 179, 239, 243, 245, 419, 422, 424, 425, 426, 428, 429, 473, 476, 479, 539, 599, 789, 791, 792, 794, 795, 796, 797, 819, 820, 823, 826, 827, 828, 829, 901, 902, 903, 904, 905, 906, 907, 908, 909, 959, 1019, 1020, 1021, 1022, 1026, 1028, 1029, 1079, 1133, 1134, 1139]
54.857142857142854, 79.75,81.16666666666667, 8, 8, 0.8571428571428571, 20,47,[59, 119, 121, 122, 179, 239, 244, 245, 299, 361, 362, 364, 366, 369, 409, 411, 414, 484, 487, 489, 509, 510, 516, 517, 519, 959, 961, 962, 1009, 1010, 1011, 1079, 1080, 1081, 1083, 1084, 1085, 1086, 1087, 1088, 1130, 1132, 1133, 1134, 1135, 1136, 1139]
54.857142857142854, 88.91666666666667,90.06666666666666, 8, 8, 0.8571428571428571, 20,57,[59, 119, 179, 186, 187, 239, 244, 245, 304, 305, 307, 308, 309, 389, 391, 393, 539, 540, 541, 599, 651, 653, 654, 655, 656, 657, 658, 714, 716, 719, 771, 773, 774, 775, 779, 833, 834, 839, 899, 952, 953, 955, 956, 958, 1016, 1018, 1019, 1069, 1070, 1071, 1072, 1073, 1078, 1079, 1129, 1136, 1139]
57.904761904761905, 65.08333333333333,67.93333333333334, 8, 8, 0.9047619047619048, 20,35,[59, 113, 114, 119, 179, 239, 244, 245, 299, 459, 460, 461, 462, 463, 465, 466, 468, 469, 579, 582, 583, 587, 589, 901, 902, 903, 904, 907, 908, 909, 1130, 1132, 1133, 1136, 1139]
57.904761904761905, 85.5,87.09166666666667, 8, 8, 0.9047619047619048, 20,45,[59, 119, 179, 239, 243, 245, 299, 359, 367, 368, 419, 425, 426, 473, 474, 475, 476, 479, 539, 540, 541, 599, 602, 603, 604, 605, 919, 920, 923, 924, 925, 942, 943, 945, 947, 949, 1012, 1015, 1016, 1069, 1070, 1075, 1076, 1079, 1139]
57.904761904761905, 87.41666666666667,91.125, 8, 8, 0.9047619047619048, 20,47,[60, 113, 114, 119, 179, 186, 187, 239, 299, 359, 362, 363, 367, 368, 419, 479, 487, 488, 529, 530, 531, 534, 537, 599, 602, 603, 604, 605, 649, 650, 651, 655, 656, 657, 658, 714, 716, 719, 1019, 1069, 1070, 1075, 1076, 1079, 1130, 1136, 1139]
57.904761904761905, 84.33333333333333,89.65833333333333, 8, 8, 0.9047619047619048, 20,63,[54, 56, 57, 113, 114, 119, 179, 180, 181, 186, 187, 239, 244, 245, 304, 305, 307, 308, 309, 361, 362, 364, 366, 369, 481, 482, 484, 487, 488, 589, 590, 591, 594, 595, 596, 597, 651, 653, 658, 714, 716, 719, 779, 833, 834, 839, 900, 906, 907, 951, 953, 954, 956, 958, 1012, 1069, 1120, 1121, 1124, 1125, 1127, 1128, 1129]
57.904761904761905, 80.5,80.86666666666666, 8, 8, 0.9047619047619048, 20,39,[59, 113, 114, 119, 171, 172, 173, 174, 176, 178, 179, 239, 244, 245, 289, 291, 299, 352, 353, 359, 419, 484, 487, 489, 749, 951, 953, 954, 956, 958, 1016, 1017, 1019, 1075, 1076, 1079, 1133, 1134, 1139]
60.95238095238095, 69.0,71.14166666666667, 8, 8, 0.9523809523809523, 20,23,[59, 113, 114, 119, 177, 178, 179, 239, 352, 353, 359, 949, 956, 958, 1016, 1017, 1019, 1069, 1070, 1075, 1076, 1079, 1139]
60.95238095238095, 85.91666666666667,84.925, 8, 8, 0.9523809523809523, 20,43,[59, 113, 114, 119, 179, 186, 187, 239, 243, 245, 248, 249, 299, 441, 442, 444, 445, 449, 539, 599, 602, 603, 604, 607, 659, 660, 662, 665, 667, 668, 669, 833, 834, 839, 899, 959, 1019, 1079, 1080, 1081, 1085, 1086, 1139]
60.95238095238095, 82.33333333333333,82.55833333333334, 8, 8, 0.9523809523809523, 20,49,[51, 53, 54, 56, 57, 119, 177, 178, 179, 239, 244, 245, 299, 352, 353, 359, 409, 410, 416, 417, 419, 484, 485, 486, 487, 489, 539, 599, 602, 603, 604, 607, 651, 653, 654, 655, 656, 657, 658, 1069, 1070, 1071, 1072, 1075, 1076, 1077, 1078, 1079, 1139]
60.95238095238095, 95.0,96.66666666666667, 8, 8, 0.9523809523809523, 20,61,[59, 119, 179, 186, 187, 239, 244, 245, 299, 352, 353, 359, 409, 410, 414, 418, 419, 481, 482, 484, 487, 488, 529, 530, 531, 534, 537, 599, 651, 653, 656, 657, 658, 719, 720, 721, 771, 773, 774, 775, 779, 839, 840, 841, 889, 890, 891, 895, 896, 897, 899, 971, 972, 974, 975, 976, 978, 979, 1009, 1079, 1139]
60.95238095238095, 80.75,81.625, 8, 8, 0.9523809523809523, 20,59,[51, 52, 54, 56, 57, 113, 114, 119, 179, 229, 230, 232, 233, 235, 237, 238, 289, 291, 299, 349, 350, 352, 354, 356, 358, 359, 419, 509, 511, 514, 515, 516, 517, 519, 651, 653, 658, 759, 762, 764, 765, 766, 767, 769, 889, 890, 891, 895, 896, 897, 899, 955, 956, 958, 1019, 1075, 1076, 1079, 1139]
62.476190476190474, 89.58333333333333,88.43333333333334, 8, 8, 0.9761904761904762, 20,53,[59, 113, 114, 119, 179, 186, 187, 239, 299, 359, 419, 479, 483, 484, 487, 488, 539, 609, 659, 660, 661, 665, 666, 668, 669, 831, 837, 839, 882, 883, 889, 970, 972, 973, 975, 976, 978, 979, 1009, 1079, 1080, 1081, 1083, 1084, 1085, 1086, 1130, 1132, 1133, 1134, 1135, 1136, 1139]
62.476190476190474, 87.83333333333333,90.31666666666666, 8, 8, 0.9761904761904762, 20,73,[59, 113, 114, 119, 177, 178, 179, 229, 230, 232, 233, 235, 237, 238, 459, 460, 463, 464, 466, 467, 471, 472, 477, 478, 539, 599, 602, 603, 604, 605, 659, 665, 666, 719, 720, 722, 726, 727, 728, 729, 779, 839, 840, 841, 901, 902, 903, 904, 905, 906, 907, 959, 1019, 1020, 1021, 1022, 1023, 1024, 1026, 1028, 1029, 1069, 1070, 1075, 1076, 1079, 1130, 1132, 1133, 1134, 1135, 1136, 1139]
62.476190476190474, 98.41666666666667,96.5, 8, 8, 0.9761904761904762, 20,43,[59, 119, 179, 239, 244, 245, 289, 291, 299, 359, 419, 473, 476, 479, 532, 533, 539, 599, 651, 653, 658, 714, 716, 719, 779, 784, 785, 833, 834, 835, 836, 839, 900, 906, 907, 959, 1019, 1020, 1021, 1024, 1025, 1079, 1139]
62.476190476190474, 92.16666666666667,91.63333333333334, 8, 8, 0.9761904761904762, 20,49,[54, 55, 57, 119, 179, 186, 187, 239, 243, 245, 406, 407, 409, 481, 482, 484, 487, 488, 539, 599, 659, 660, 661, 665, 667, 668, 669, 719, 720, 721, 771, 773, 774, 775, 779, 839, 899, 955, 956, 959, 1019, 1069, 1070, 1075, 1076, 1079, 1139, 1147, 1148]
62.476190476190474, 82.58333333333333,85.00833333333333, 8, 8, 0.9761904761904762, 20,37,[51, 52, 54, 56, 57, 113, 114, 119, 179, 186, 187, 239, 290, 291, 299, 359, 367, 368, 419, 481, 482, 484, 487, 489, 529, 955, 956, 959, 1016, 1017, 1019, 1069, 1070, 1075, 1076, 1079, 1139]
64.0, 77.83333333333333,78.48333333333333, 8, 8, 1.0, 20,29,[59, 119, 179, 239, 244, 245, 299, 359, 419, 532, 533, 538, 659, 719, 720, 721, 919, 1069, 1070, 1075, 1076, 1079, 1130, 1132, 1133, 1134, 1135, 1136, 1139]
64.0, 76.5,78.7, 8, 8, 1.0, 20,39,[59, 119, 177, 178, 179, 239, 241, 242, 243, 245, 248, 249, 379, 382, 383, 386, 388, 549, 551, 552, 554, 555, 556, 558, 769, 839, 840, 841, 899, 959, 1016, 1017, 1019, 1069, 1070, 1075, 1076, 1079, 1139]
64.0, 98.16666666666667,97.84166666666667, 8, 8, 1.0, 20,49,[59, 113, 114, 119, 179, 239, 299, 303, 304, 359, 419, 479, 483, 484, 487, 488, 539, 540, 541, 599, 604, 605, 659, 660, 661, 665, 666, 714, 716, 719, 779, 833, 834, 839, 891, 892, 899, 955, 956, 959, 1016, 1017, 1019, 1075, 1076, 1079, 1129, 1136, 1139]
64.0, 88.0,86.725, 8, 8, 1.0, 20,49,[61, 63, 64, 68, 69, 119, 179, 186, 187, 239, 243, 245, 299, 303, 304, 352, 353, 359, 419, 479, 487, 488, 659, 660, 661, 665, 666, 668, 669, 714, 716, 719, 779, 784, 785, 949, 950, 951, 953, 954, 956, 958, 1019, 1069, 1070, 1075, 1076, 1079, 1139]
64.0, 92.33333333333333,91.025, 8, 8, 1.0, 20,49,[60, 113, 114, 119, 177, 178, 179, 239, 299, 352, 353, 359, 529, 599, 651, 653, 654, 655, 656, 657, 658, 714, 716, 719, 771, 773, 774, 775, 779, 833, 834, 839, 891, 892, 899, 959, 1016, 1017, 1019, 1075, 1076, 1079, 1139, 1141, 1142, 1144, 1145, 1146, 1148]
