0.0, 78.5,84.75833333333334, 8, 5, 0.0, 10,23,[111, 114, 115, 116, 117, 118, 119, 239, 243, 245, 352, 353, 359, 959, 960, 965, 966, 969, 1069, 1070, 1075, 1076, 1079]
0.0, 71.33333333333333,74.825, 8, 5, 0.0, 10,21,[113, 114, 119, 239, 244, 245, 359, 367, 368, 484, 485, 486, 487, 489, 929, 931, 932, 934, 935, 936, 937]
0.0, 65.75,63.625, 8, 5, 0.0, 10,17,[119, 120, 122, 125, 127, 128, 129, 699, 703, 704, 1049, 1050, 1051, 1055, 1056, 1058, 1059]
0.0, 77.66666666666667,76.40833333333333, 8, 5, 0.0, 10,19,[113, 114, 119, 239, 243, 245, 369, 374, 375, 710, 717, 719, 1079, 1080, 1084, 1085, 1086, 1087, 1089]
0.0, 68.58333333333333,65.84166666666667, 8, 5, 0.0, 10,17,[279, 281, 282, 479, 487, 488, 819, 820, 823, 826, 827, 828, 829, 959, 1032, 1034, 1039]
5.0, 66.41666666666667,64.04166666666666, 8, 5, 0.125, 10,7,[119, 680, 681, 684, 685, 688, 1069]
5.0, 75.75,76.00833333333334, 8, 5, 0.125, 10,17,[129, 130, 138, 473, 476, 479, 599, 602, 603, 604, 605, 729, 1059, 1061, 1062, 1063, 1064]
5.0, 42.833333333333336,63.1, 8, 5, 0.125, 10,15,[250, 251, 252, 257, 258, 579, 580, 581, 582, 585, 586, 589, 949, 956, 958]
5.0, 55.0,56.41666666666667, 8, 5, 0.125, 10,1,[539]
5.0, 70.33333333333333,71.13333333333334, 8, 5, 0.125, 10,21,[119, 121, 122, 126, 127, 389, 391, 393, 593, 594, 598, 739, 740, 741, 747, 748, 1069, 1070, 1075, 1076, 1079]
10.0, 66.08333333333333,64.1, 8, 5, 0.25, 10,15,[111, 112, 113, 114, 119, 259, 260, 261, 859, 860, 862, 863, 864, 867, 868]
10.0, 87.5,83.11666666666667, 8, 5, 0.25, 10,31,[113, 114, 119, 463, 464, 469, 589, 590, 591, 594, 595, 596, 597, 719, 720, 722, 723, 724, 726, 727, 728, 729, 833, 834, 839, 959, 961, 964, 967, 969, 1079]
10.0, 64.0,64.375, 8, 5, 0.25, 10,17,[119, 121, 122, 126, 127, 252, 254, 256, 257, 258, 1019, 1020, 1021, 1022, 1026, 1028, 1029]
10.0, 69.58333333333333,73.94166666666668, 8, 5, 0.25, 10,17,[119, 239, 243, 245, 359, 360, 361, 362, 363, 366, 369, 819, 1059, 1061, 1062, 1063, 1064]
10.0, 79.33333333333333,86.80833333333334, 8, 5, 0.25, 10,15,[111, 112, 113, 114, 119, 238, 349, 350, 352, 354, 356, 358, 359, 959, 1079]
15.0, 57.75,60.23333333333334, 8, 5, 0.375, 10,13,[279, 651, 653, 654, 655, 656, 657, 658, 1069, 1070, 1075, 1076, 1079]
15.0, 59.083333333333336,59.675, 8, 5, 0.375, 10,3,[827, 828, 829]
15.0, 77.0,76.8, 8, 5, 0.375, 10,13,[113, 114, 119, 239, 243, 245, 619, 624, 625, 626, 628, 959, 1069]
15.0, 87.25,88.18333333333334, 8, 5, 0.375, 10,23,[113, 114, 119, 246, 247, 249, 591, 592, 593, 594, 598, 729, 730, 731, 833, 834, 839, 959, 960, 965, 966, 969, 1079]
15.0, 63.083333333333336,72.01666666666667, 8, 5, 0.375, 10,23,[119, 120, 122, 125, 127, 128, 129, 379, 382, 383, 610, 615, 617, 618, 619, 651, 653, 654, 655, 656, 657, 658, 1099]
20.0, 81.91666666666667,83.15, 8, 5, 0.5, 10,27,[111, 112, 113, 114, 115, 116, 117, 118, 119, 239, 243, 245, 352, 353, 359, 479, 599, 602, 603, 604, 607, 789, 790, 795, 796, 797, 1089]
20.0, 59.833333333333336,60.3, 8, 5, 0.5, 10,5,[1069, 1070, 1075, 1076, 1079]
20.0, 70.16666666666667,71.74166666666667, 8, 5, 0.5, 10,29,[119, 121, 122, 126, 127, 479, 480, 481, 483, 484, 487, 488, 700, 703, 705, 706, 708, 951, 953, 954, 956, 958, 1079, 1080, 1081, 1083, 1084, 1085, 1086]
20.0, 82.0,82.79166666666666, 8, 5, 0.5, 10,31,[119, 310, 311, 319, 599, 602, 603, 604, 607, 714, 716, 719, 833, 834, 835, 836, 839, 959, 961, 964, 967, 969, 1079, 1080, 1081, 1083, 1084, 1085, 1086, 1087, 1088]
20.0, 54.166666666666664,62.25000000000001, 8, 5, 0.5, 10,15,[119, 120, 122, 125, 127, 128, 129, 389, 391, 393, 979, 980, 981, 987, 989]
23.333333333333336, 78.91666666666667,83.50833333333333, 8, 5, 0.5833333333333334, 10,33,[111, 112, 113, 114, 115, 116, 117, 118, 119, 239, 243, 245, 469, 710, 712, 713, 717, 719, 839, 840, 841, 843, 844, 955, 956, 958, 1079, 1080, 1084, 1085, 1086, 1087, 1089]
23.333333333333336, 55.75,60.675000000000004, 8, 5, 0.5833333333333334, 10,7,[129, 434, 436, 438, 955, 956, 958]
23.333333333333336, 71.08333333333333,74.725, 8, 5, 0.5833333333333334, 10,13,[119, 473, 476, 479, 599, 719, 971, 972, 974, 975, 976, 978, 979]
23.333333333333336, 83.08333333333333,83.15833333333333, 8, 5, 0.5833333333333334, 10,27,[119, 239, 529, 530, 531, 534, 535, 710, 712, 713, 717, 719, 833, 834, 839, 951, 953, 954, 956, 958, 1079, 1080, 1081, 1083, 1084, 1085, 1086]
23.333333333333336, 57.0,59.53333333333334, 8, 5, 0.5833333333333334, 10,5,[630, 631, 634, 636, 638]
26.666666666666664, 77.58333333333333,77.36666666666666, 8, 5, 0.6666666666666666, 10,15,[119, 239, 364, 365, 369, 939, 941, 942, 948, 949, 1069, 1070, 1075, 1076, 1079]
26.666666666666664, 62.0,63.0, 8, 5, 0.6666666666666666, 10,15,[129, 130, 131, 134, 136, 539, 540, 541, 543, 544, 547, 549, 1059, 1063, 1064]
26.666666666666664, 67.83333333333333,68.425, 8, 5, 0.6666666666666666, 10,15,[119, 120, 122, 125, 127, 128, 129, 459, 468, 469, 1069, 1070, 1075, 1076, 1079]
26.666666666666664, 83.33333333333333,83.81666666666666, 8, 5, 0.6666666666666666, 10,21,[113, 114, 119, 439, 445, 446, 447, 448, 589, 596, 597, 725, 726, 729, 827, 828, 829, 959, 1062, 1063, 1068]
26.666666666666664, 89.08333333333333,87.55, 8, 5, 0.6666666666666666, 10,21,[113, 114, 119, 473, 476, 479, 599, 714, 716, 719, 833, 834, 839, 955, 956, 958, 1069, 1070, 1075, 1076, 1079]
30.0, 78.33333333333333,77.39166666666667, 8, 5, 0.75, 10,17,[119, 246, 247, 249, 829, 830, 831, 837, 839, 955, 956, 958, 1069, 1070, 1075, 1076, 1079]
30.0, 77.0,76.44166666666666, 8, 5, 0.75, 10,23,[129, 135, 136, 725, 726, 729, 832, 837, 839, 959, 960, 964, 966, 969, 1069, 1070, 1071, 1072, 1075, 1076, 1077, 1078, 1079]
30.0, 71.33333333333333,76.64999999999999, 8, 5, 0.75, 10,27,[129, 135, 136, 469, 471, 472, 477, 478, 599, 602, 603, 604, 606, 719, 720, 722, 723, 724, 726, 729, 910, 912, 914, 915, 917, 918, 919]
30.0, 83.0,83.66666666666667, 8, 5, 0.75, 10,35,[113, 114, 119, 229, 230, 231, 234, 235, 237, 238, 359, 360, 361, 362, 363, 366, 369, 473, 476, 479, 591, 594, 595, 596, 597, 901, 902, 903, 904, 907, 908, 909, 1069, 1072, 1073]
30.0, 66.0,63.15833333333334, 8, 5, 0.75, 10,15,[119, 121, 122, 126, 127, 469, 471, 472, 477, 478, 869, 870, 875, 876, 879]
33.333333333333336, 89.0,88.81666666666666, 8, 5, 0.8333333333333334, 10,43,[119, 121, 122, 126, 127, 239, 244, 245, 352, 353, 359, 486, 487, 489, 569, 571, 573, 575, 577, 578, 579, 729, 730, 731, 799, 800, 801, 803, 809, 989, 991, 992, 994, 995, 996, 998, 1060, 1061, 1062, 1063, 1064, 1067, 1068]
33.333333333333336, 74.16666666666667,69.3, 8, 5, 0.8333333333333334, 10,25,[111, 112, 113, 114, 117, 118, 119, 239, 243, 245, 839, 840, 841, 843, 845, 847, 848, 984, 987, 989, 1042, 1044, 1046, 1047, 1048]
33.333333333333336, 66.25,65.625, 8, 5, 0.8333333333333334, 10,9,[119, 239, 243, 245, 789, 790, 795, 796, 798]
33.333333333333336, 83.25,83.51666666666667, 8, 5, 0.8333333333333334, 10,25,[119, 239, 359, 367, 368, 479, 487, 488, 669, 672, 674, 677, 678, 955, 956, 958, 1069, 1070, 1071, 1072, 1075, 1076, 1077, 1078, 1079]
33.333333333333336, 55.583333333333336,62.74166666666666, 8, 5, 0.8333333333333334, 10,11,[451, 453, 454, 455, 458, 789, 790, 795, 796, 798, 1079]
35.0, 67.08333333333333,64.775, 8, 5, 0.875, 10,11,[119, 739, 740, 741, 747, 748, 1060, 1061, 1062, 1063, 1068]
35.0, 68.83333333333333,67.55, 8, 5, 0.875, 10,9,[113, 114, 119, 239, 243, 245, 248, 249, 1069]
35.0, 59.916666666666664,59.66666666666667, 8, 5, 0.875, 10,3,[359, 367, 368]
35.0, 62.25,64.28333333333333, 8, 5, 0.875, 10,9,[119, 121, 122, 329, 1069, 1070, 1075, 1076, 1079]
35.0, 66.75,66.85833333333333, 8, 5, 0.875, 10,15,[119, 121, 122, 126, 127, 729, 730, 731, 1049, 1050, 1051, 1054, 1056, 1058, 1059]
36.666666666666664, 49.166666666666664,61.70833333333333, 8, 5, 0.9166666666666666, 10,9,[269, 278, 279, 634, 635, 638, 910, 911, 919]
36.666666666666664, 65.58333333333333,68.325, 8, 5, 0.9166666666666666, 10,11,[149, 150, 151, 152, 153, 409, 549, 729, 730, 731, 1069]
36.666666666666664, 86.75,83.71666666666667, 8, 5, 0.9166666666666666, 10,33,[119, 242, 243, 245, 248, 249, 352, 353, 356, 357, 359, 481, 482, 484, 487, 489, 599, 602, 603, 604, 605, 710, 712, 713, 717, 719, 1093, 1094, 1095, 1096, 1097, 1098, 1099]
36.666666666666664, 66.16666666666667,65.41666666666667, 8, 5, 0.9166666666666666, 10,11,[119, 449, 450, 451, 453, 454, 456, 457, 1059, 1063, 1064]
36.666666666666664, 50.5,59.699999999999996, 8, 5, 0.9166666666666666, 10,5,[710, 712, 713, 717, 719]
38.333333333333336, 96.08333333333333,97.59166666666667, 8, 5, 0.9583333333333334, 10,31,[129, 229, 364, 366, 369, 473, 474, 475, 476, 479, 601, 602, 603, 604, 607, 710, 711, 713, 716, 719, 839, 951, 953, 954, 956, 958, 1069, 1070, 1075, 1076, 1079]
38.333333333333336, 76.41666666666667,75.85833333333333, 8, 5, 0.9583333333333334, 10,19,[111, 114, 115, 116, 117, 118, 119, 484, 487, 489, 589, 596, 597, 729, 730, 731, 735, 736, 1069]
38.333333333333336, 69.75,72.00833333333333, 8, 5, 0.9583333333333334, 10,25,[119, 121, 122, 229, 230, 232, 233, 235, 237, 238, 364, 366, 369, 710, 712, 713, 717, 719, 971, 972, 974, 975, 977, 978, 979]
38.333333333333336, 96.25,98.31666666666666, 8, 5, 0.9583333333333334, 10,45,[119, 121, 122, 125, 127, 128, 129, 239, 241, 242, 243, 245, 248, 249, 359, 362, 363, 367, 369, 484, 487, 489, 599, 602, 603, 604, 605, 719, 720, 722, 726, 727, 728, 729, 832, 837, 839, 959, 1060, 1061, 1062, 1063, 1064, 1067, 1068]
38.333333333333336, 52.5,61.49166666666667, 8, 5, 0.9583333333333334, 10,15,[119, 121, 122, 125, 127, 128, 129, 369, 371, 372, 374, 376, 933, 934, 939]
40.0, 69.66666666666667,69.89999999999999, 8, 5, 1.0, 10,9,[129, 473, 476, 479, 709, 959, 961, 962, 1079]
40.0, 66.41666666666667,63.83333333333333, 8, 5, 1.0, 10,15,[129, 130, 131, 134, 136, 741, 742, 744, 745, 749, 1069, 1070, 1075, 1076, 1079]
40.0, 59.416666666666664,59.675, 8, 5, 1.0, 10,7,[839, 840, 841, 842, 845, 846, 849]
40.0, 64.5,68.77499999999999, 8, 5, 1.0, 10,11,[129, 279, 1091, 1092, 1093, 1094, 1095, 1096, 1097, 1098, 1099]
40.0, 58.083333333333336,60.0, 8, 5, 1.0, 10,11,[119, 121, 122, 401, 402, 406, 408, 409, 769, 775, 776]
0.0, 69.08333333333333,69.05, 8, 6, 0.0, 10,21,[119, 121, 122, 125, 127, 128, 129, 549, 551, 552, 554, 555, 556, 558, 569, 719, 720, 722, 726, 727, 1059]
0.0, 59.166666666666664,59.333333333333336, 8, 6, 0.0, 10,1,[829]
0.0, 58.916666666666664,59.04166666666667, 8, 6, 0.0, 10,7,[579, 580, 581, 582, 585, 586, 589]
0.0, 68.58333333333333,68.50833333333334, 8, 6, 0.0, 10,17,[119, 121, 122, 126, 127, 459, 460, 463, 464, 466, 467, 469, 1069, 1070, 1075, 1076, 1079]
0.0, 60.333333333333336,62.65833333333334, 8, 6, 0.0, 10,13,[440, 445, 446, 447, 448, 749, 1069, 1070, 1071, 1072, 1075, 1076, 1079]
9.600000000000001, 78.75,83.76666666666667, 8, 6, 0.2, 10,23,[119, 239, 243, 245, 349, 350, 352, 358, 359, 489, 490, 491, 494, 496, 497, 498, 709, 959, 1069, 1070, 1075, 1076, 1079]
9.600000000000001, 78.58333333333333,82.72500000000001, 8, 6, 0.2, 10,25,[119, 235, 236, 238, 359, 367, 368, 484, 485, 486, 487, 489, 714, 716, 719, 955, 956, 959, 1079, 1080, 1084, 1085, 1086, 1087, 1089]
9.600000000000001, 75.5,75.63333333333333, 8, 6, 0.2, 10,19,[111, 112, 113, 114, 119, 239, 243, 245, 359, 367, 368, 481, 482, 484, 487, 488, 882, 885, 886]
9.600000000000001, 81.08333333333333,83.31666666666668, 8, 6, 0.2, 10,25,[119, 121, 122, 125, 127, 239, 243, 245, 359, 362, 363, 366, 369, 481, 482, 484, 487, 489, 741, 742, 744, 745, 749, 959, 1079]
9.600000000000001, 59.666666666666664,59.70833333333333, 8, 6, 0.2, 10,7,[119, 121, 122, 125, 127, 128, 129]
19.200000000000003, 44.166666666666664,62.458333333333336, 8, 6, 0.4, 10,13,[269, 278, 279, 610, 615, 617, 618, 619, 951, 953, 954, 956, 958]
19.200000000000003, 83.58333333333333,87.7, 8, 6, 0.4, 10,31,[111, 112, 113, 114, 119, 239, 352, 353, 359, 481, 482, 484, 487, 489, 659, 660, 661, 665, 667, 668, 669, 959, 1069, 1070, 1071, 1072, 1075, 1076, 1077, 1078, 1079]
19.200000000000003, 57.583333333333336,59.69166666666666, 8, 6, 0.4, 10,3,[621, 622, 629]
19.200000000000003, 85.66666666666667,86.04166666666667, 8, 6, 0.4, 10,19,[119, 121, 122, 125, 127, 239, 369, 374, 376, 702, 703, 705, 706, 709, 832, 837, 839, 949, 1069]
19.200000000000003, 76.75,75.94999999999999, 8, 6, 0.4, 10,17,[119, 121, 122, 125, 127, 239, 352, 353, 359, 484, 487, 489, 809, 812, 813, 814, 815]
26.400000000000002, 71.75,76.64166666666667, 8, 6, 0.55, 10,27,[129, 310, 311, 315, 316, 318, 599, 602, 603, 604, 607, 719, 720, 722, 726, 727, 728, 729, 1069, 1070, 1071, 1072, 1075, 1076, 1077, 1078, 1079]
26.400000000000002, 66.66666666666667,67.5, 8, 6, 0.55, 10,15,[129, 135, 136, 499, 500, 503, 504, 506, 507, 509, 1069, 1070, 1075, 1076, 1079]
26.400000000000002, 87.33333333333333,86.49166666666666, 8, 6, 0.55, 10,31,[119, 120, 122, 125, 127, 128, 129, 475, 476, 479, 601, 602, 603, 604, 607, 719, 720, 722, 726, 727, 728, 729, 839, 840, 841, 842, 845, 847, 849, 959, 1089]
26.400000000000002, 69.58333333333333,78.06666666666666, 8, 6, 0.55, 10,13,[839, 840, 841, 959, 1079, 1080, 1081, 1083, 1084, 1085, 1086, 1087, 1088]
26.400000000000002, 57.25,59.81666666666666, 8, 6, 0.55, 10,11,[129, 130, 131, 134, 136, 550, 551, 558, 900, 906, 907]
33.599999999999994, 64.83333333333333,64.39166666666667, 8, 6, 0.7, 10,11,[129, 459, 462, 463, 468, 469, 1042, 1044, 1046, 1047, 1048]
33.599999999999994, 67.25,67.27499999999999, 8, 6, 0.7, 10,13,[111, 114, 115, 116, 117, 118, 119, 246, 247, 249, 1059, 1063, 1064]
33.599999999999994, 98.0,97.76666666666667, 8, 6, 0.7, 10,39,[111, 112, 113, 114, 119, 239, 243, 245, 359, 362, 363, 367, 368, 481, 483, 484, 487, 488, 599, 602, 603, 604, 605, 714, 716, 719, 839, 840, 841, 955, 956, 958, 1079, 1080, 1084, 1085, 1086, 1087, 1089]
33.599999999999994, 97.0,98.29166666666667, 8, 6, 0.7, 10,31,[111, 112, 113, 114, 119, 239, 243, 245, 359, 367, 368, 484, 487, 489, 589, 590, 591, 594, 595, 596, 597, 729, 832, 837, 839, 959, 1069, 1070, 1075, 1076, 1079]
33.599999999999994, 78.66666666666667,77.60000000000001, 8, 6, 0.7, 10,13,[129, 710, 711, 714, 716, 719, 839, 840, 841, 955, 956, 958, 1079]
38.400000000000006, 75.41666666666667,72.48333333333333, 8, 6, 0.8, 10,15,[111, 112, 113, 114, 119, 451, 453, 454, 455, 458, 589, 725, 726, 729, 1069]
38.400000000000006, 97.0,97.21666666666667, 8, 6, 0.8, 10,31,[113, 114, 119, 239, 243, 245, 359, 367, 368, 475, 476, 479, 599, 710, 711, 714, 716, 719, 839, 840, 841, 945, 946, 949, 1060, 1061, 1062, 1063, 1064, 1067, 1068]
38.400000000000006, 93.08333333333333,96.35833333333333, 8, 6, 0.8, 10,45,[113, 114, 119, 229, 230, 232, 233, 235, 237, 238, 359, 367, 368, 481, 482, 484, 487, 488, 591, 594, 595, 596, 597, 719, 720, 722, 723, 724, 726, 729, 819, 820, 823, 826, 827, 828, 829, 970, 972, 973, 975, 976, 978, 979, 1049]
38.400000000000006, 85.33333333333333,83.59166666666667, 8, 6, 0.8, 10,27,[119, 229, 230, 232, 233, 235, 237, 238, 359, 367, 368, 473, 474, 475, 476, 479, 601, 602, 603, 604, 607, 759, 762, 763, 768, 769, 1079]
38.400000000000006, 59.166666666666664,59.724999999999994, 8, 6, 0.8, 10,1,[369]
43.2, 68.16666666666667,65.125, 8, 6, 0.9, 10,13,[119, 252, 254, 255, 257, 258, 1079, 1080, 1084, 1085, 1086, 1087, 1089]
43.2, 77.0,75.78333333333333, 8, 6, 0.9, 10,31,[111, 114, 115, 116, 117, 118, 119, 489, 490, 491, 494, 496, 497, 498, 579, 580, 581, 582, 585, 586, 589, 959, 961, 962, 1069, 1070, 1071, 1072, 1075, 1076, 1079]
43.2, 97.83333333333333,95.74166666666667, 8, 6, 0.9, 10,45,[111, 114, 115, 116, 117, 118, 119, 229, 230, 232, 233, 235, 237, 238, 352, 353, 359, 479, 591, 592, 593, 594, 597, 719, 720, 722, 726, 727, 728, 729, 839, 840, 841, 843, 844, 959, 1079, 1080, 1081, 1083, 1084, 1085, 1086, 1087, 1089]
43.2, 76.08333333333333,75.03333333333333, 8, 6, 0.9, 10,19,[119, 121, 122, 126, 127, 239, 359, 362, 363, 367, 368, 669, 670, 671, 672, 676, 677, 679, 1079]
43.2, 96.91666666666667,98.08333333333333, 8, 6, 0.9, 10,39,[111, 114, 115, 116, 117, 118, 119, 239, 352, 353, 359, 469, 471, 472, 477, 478, 599, 602, 603, 604, 605, 710, 718, 719, 839, 840, 841, 949, 950, 951, 956, 958, 1069, 1070, 1071, 1072, 1075, 1078, 1079]
2.4000000000000004, 85.91666666666667,87.43333333333332, 8, 6, 0.05, 10,31,[119, 120, 122, 125, 127, 128, 129, 239, 243, 245, 361, 362, 364, 366, 369, 469, 470, 473, 477, 479, 599, 602, 603, 604, 605, 939, 941, 942, 948, 949, 1069]
2.4000000000000004, 87.41666666666667,81.88333333333333, 8, 6, 0.05, 10,31,[119, 229, 230, 232, 233, 235, 237, 238, 359, 367, 368, 469, 470, 473, 476, 479, 601, 602, 603, 604, 607, 949, 956, 958, 1079, 1080, 1084, 1085, 1086, 1087, 1089]
2.4000000000000004, 95.0,93.875, 8, 6, 0.05, 10,25,[113, 114, 119, 239, 244, 245, 359, 479, 610, 613, 614, 615, 619, 729, 730, 731, 810, 811, 819, 959, 961, 962, 1069, 1072, 1073]
2.4000000000000004, 75.33333333333333,72.975, 8, 6, 0.05, 10,27,[119, 121, 122, 126, 127, 469, 470, 473, 477, 479, 579, 580, 581, 582, 585, 586, 589, 729, 730, 731, 1049, 1050, 1052, 1054, 1056, 1058, 1059]
2.4000000000000004, 75.16666666666667,76.95, 8, 6, 0.05, 10,21,[119, 121, 122, 125, 127, 219, 222, 224, 359, 367, 368, 469, 477, 478, 1049, 1050, 1051, 1055, 1056, 1058, 1059]
4.800000000000001, 82.66666666666667,84.275, 8, 6, 0.1, 10,29,[119, 121, 122, 126, 127, 239, 243, 245, 359, 367, 368, 481, 482, 484, 487, 489, 608, 779, 784, 786, 1079, 1080, 1082, 1083, 1084, 1085, 1086, 1087, 1089]
4.800000000000001, 78.83333333333333,82.48333333333333, 8, 6, 0.1, 10,29,[111, 114, 115, 116, 117, 118, 119, 239, 243, 245, 359, 367, 368, 475, 476, 479, 719, 720, 721, 959, 1079, 1080, 1082, 1083, 1084, 1085, 1086, 1087, 1089]
4.800000000000001, 55.0,59.50833333333333, 8, 6, 0.1, 10,11,[159, 163, 164, 166, 167, 609, 809, 812, 813, 814, 815]
4.800000000000001, 67.75,62.975, 8, 6, 0.1, 10,17,[119, 120, 122, 125, 127, 128, 129, 469, 470, 473, 476, 479, 1059, 1061, 1062, 1063, 1064]
4.800000000000001, 74.33333333333333,70.15, 8, 6, 0.1, 10,13,[119, 120, 122, 125, 127, 128, 129, 473, 476, 479, 569, 739, 829]
7.199999999999999, 66.91666666666667,66.8, 8, 6, 0.15, 10,7,[119, 440, 445, 448, 1075, 1076, 1079]
7.199999999999999, 97.83333333333333,97.725, 8, 6, 0.15, 10,43,[119, 120, 122, 125, 127, 128, 129, 239, 243, 245, 359, 362, 363, 367, 369, 479, 487, 488, 599, 602, 603, 604, 607, 719, 720, 722, 723, 724, 726, 729, 833, 834, 839, 959, 1079, 1080, 1081, 1083, 1084, 1085, 1086, 1087, 1088]
7.199999999999999, 69.16666666666667,70.31666666666668, 8, 6, 0.15, 10,15,[119, 239, 243, 245, 459, 460, 463, 464, 466, 467, 469, 729, 730, 731, 1069]
7.199999999999999, 78.58333333333333,87.30833333333334, 8, 6, 0.15, 10,23,[119, 239, 241, 242, 243, 245, 248, 249, 359, 362, 363, 367, 369, 484, 485, 486, 487, 489, 1069, 1070, 1075, 1076, 1079]
7.199999999999999, 69.66666666666667,73.31666666666666, 8, 6, 0.15, 10,25,[119, 229, 230, 231, 234, 235, 237, 238, 370, 371, 372, 373, 378, 379, 382, 383, 386, 388, 1079, 1080, 1081, 1083, 1084, 1085, 1086]
12.0, 84.16666666666667,82.15, 8, 6, 0.25, 10,37,[119, 121, 122, 125, 127, 128, 129, 229, 230, 232, 234, 235, 237, 238, 549, 556, 557, 714, 716, 719, 839, 840, 841, 843, 845, 955, 956, 958, 1079, 1080, 1081, 1083, 1084, 1085, 1086, 1087, 1088]
12.0, 77.5,73.20833333333333, 8, 6, 0.25, 10,17,[119, 238, 359, 360, 361, 362, 363, 366, 369, 719, 720, 722, 726, 727, 728, 729, 1059]
12.0, 66.5,67.91666666666667, 8, 6, 0.25, 10,21,[119, 121, 122, 126, 127, 310, 311, 313, 314, 315, 317, 318, 608, 788, 1079, 1080, 1084, 1085, 1086, 1087, 1089]
12.0, 94.0,95.92500000000001, 8, 6, 0.25, 10,41,[119, 121, 122, 125, 127, 229, 369, 371, 372, 374, 376, 469, 470, 473, 477, 479, 601, 602, 603, 604, 607, 702, 703, 709, 852, 853, 857, 858, 859, 959, 961, 963, 1079, 1080, 1081, 1083, 1084, 1085, 1086, 1087, 1088]
12.0, 94.25,98.0, 8, 6, 0.25, 10,49,[119, 121, 122, 125, 127, 128, 129, 229, 230, 232, 233, 235, 237, 238, 359, 367, 368, 469, 470, 473, 476, 479, 589, 590, 591, 594, 595, 596, 597, 710, 711, 713, 716, 719, 819, 820, 823, 826, 827, 828, 829, 945, 946, 949, 1059, 1061, 1062, 1063, 1064]
14.399999999999999, 69.58333333333333,76.25833333333333, 8, 6, 0.3, 10,9,[119, 121, 122, 125, 127, 238, 352, 353, 359]
14.399999999999999, 84.91666666666667,87.85833333333333, 8, 6, 0.3, 10,27,[90, 91, 94, 95, 97, 98, 99, 246, 247, 249, 359, 367, 368, 481, 482, 484, 487, 489, 599, 602, 603, 604, 606, 729, 1079, 1080, 1089]
14.399999999999999, 84.5,82.72500000000001, 8, 6, 0.3, 10,29,[119, 121, 122, 125, 127, 128, 129, 279, 280, 288, 599, 602, 603, 604, 607, 710, 712, 713, 717, 719, 839, 840, 841, 952, 953, 955, 956, 958, 1079]
14.399999999999999, 77.16666666666667,85.725, 8, 6, 0.3, 10,25,[119, 120, 122, 125, 127, 128, 129, 229, 230, 232, 233, 235, 237, 238, 349, 350, 352, 354, 356, 358, 359, 959, 1059, 1063, 1064]
14.399999999999999, 69.83333333333333,69.10833333333333, 8, 6, 0.3, 10,17,[119, 121, 122, 125, 127, 484, 485, 486, 487, 489, 559, 567, 568, 779, 784, 786, 1069]
16.799999999999997, 71.0,69.91666666666667, 8, 6, 0.35, 10,19,[111, 114, 115, 116, 117, 118, 119, 379, 382, 384, 386, 389, 599, 959, 1069, 1072, 1073, 1078, 1079]
16.799999999999997, 86.83333333333333,82.48333333333333, 8, 6, 0.35, 10,31,[119, 121, 122, 126, 127, 239, 244, 245, 359, 362, 363, 367, 369, 709, 839, 840, 841, 842, 845, 846, 849, 949, 950, 951, 956, 958, 1069, 1072, 1073, 1078, 1079]
16.799999999999997, 64.5,71.24166666666667, 8, 6, 0.35, 10,13,[119, 349, 350, 352, 659, 660, 661, 665, 666, 955, 956, 958, 1069]
16.799999999999997, 71.5,76.49166666666667, 8, 6, 0.35, 10,13,[119, 121, 122, 126, 127, 239, 359, 367, 368, 486, 487, 489, 929]
16.799999999999997, 61.916666666666664,67.95, 8, 6, 0.35, 10,13,[111, 112, 113, 114, 119, 239, 243, 245, 741, 743, 744, 745, 749]
21.0, 82.83333333333333,85.18333333333334, 8, 6, 0.4375, 10,23,[119, 469, 477, 478, 609, 710, 711, 713, 716, 719, 862, 863, 864, 867, 869, 939, 1093, 1094, 1095, 1096, 1097, 1098, 1099]
21.0, 60.0,59.75, 8, 6, 0.4375, 10,1,[599]
21.0, 81.5,87.64999999999999, 8, 6, 0.4375, 10,31,[111, 114, 115, 116, 117, 118, 119, 229, 230, 232, 233, 235, 237, 238, 349, 350, 352, 355, 356, 358, 359, 484, 487, 489, 771, 772, 779, 949, 956, 958, 1069]
21.0, 54.916666666666664,63.5, 8, 6, 0.4375, 10,11,[310, 311, 319, 649, 650, 651, 657, 658, 909, 912, 914]
21.0, 64.41666666666667,65.18333333333334, 8, 6, 0.4375, 10,15,[129, 134, 136, 659, 660, 662, 663, 667, 668, 669, 1069, 1070, 1075, 1076, 1079]
22.799999999999997, 95.91666666666667,95.38333333333333, 8, 6, 0.475, 10,43,[113, 114, 119, 229, 230, 235, 236, 238, 349, 350, 352, 355, 356, 358, 359, 484, 487, 489, 593, 594, 598, 725, 726, 729, 833, 834, 839, 970, 972, 973, 975, 976, 978, 979, 1079, 1080, 1082, 1083, 1084, 1085, 1086, 1087, 1089]
22.799999999999997, 93.91666666666667,96.15, 8, 6, 0.475, 10,39,[119, 121, 122, 126, 127, 229, 230, 235, 236, 238, 352, 353, 359, 473, 474, 475, 476, 479, 599, 602, 603, 604, 607, 710, 869, 939, 941, 942, 948, 949, 1079, 1080, 1081, 1083, 1084, 1085, 1086, 1087, 1088]
22.799999999999997, 88.16666666666667,87.1, 8, 6, 0.475, 10,27,[113, 114, 119, 484, 485, 486, 487, 489, 599, 714, 716, 719, 839, 840, 841, 843, 845, 955, 956, 959, 1079, 1080, 1084, 1085, 1086, 1087, 1089]
22.799999999999997, 96.0,97.49166666666666, 8, 6, 0.475, 10,47,[119, 120, 122, 125, 127, 128, 129, 229, 230, 232, 233, 235, 237, 238, 359, 362, 363, 367, 369, 469, 471, 472, 477, 478, 609, 615, 617, 618, 619, 710, 717, 719, 839, 840, 841, 843, 845, 959, 1079, 1080, 1081, 1083, 1084, 1085, 1086, 1087, 1088]
22.799999999999997, 63.0,63.28333333333334, 8, 6, 0.475, 10,17,[113, 114, 119, 699, 703, 705, 707, 708, 901, 902, 903, 904, 905, 906, 907, 908, 909]
24.599999999999998, 59.583333333333336,59.833333333333336, 8, 6, 0.5125, 10,7,[359, 360, 361, 362, 363, 366, 369]
24.599999999999998, 96.66666666666667,96.86666666666667, 8, 6, 0.5125, 10,43,[119, 120, 127, 128, 129, 229, 230, 232, 234, 235, 237, 238, 361, 362, 364, 366, 369, 473, 476, 479, 599, 710, 711, 713, 716, 719, 839, 840, 841, 951, 953, 954, 956, 958, 1079, 1080, 1082, 1083, 1084, 1085, 1086, 1087, 1089]
24.599999999999998, 78.33333333333333,77.36666666666666, 8, 6, 0.5125, 10,25,[119, 120, 122, 125, 127, 128, 129, 714, 716, 719, 832, 837, 839, 949, 950, 951, 953, 954, 956, 958, 1069, 1070, 1075, 1076, 1079]
24.599999999999998, 59.416666666666664,69.14166666666667, 8, 6, 0.5125, 10,33,[119, 120, 122, 125, 127, 128, 129, 352, 353, 359, 619, 620, 621, 624, 625, 626, 628, 669, 670, 671, 672, 674, 675, 676, 677, 678, 1019, 1020, 1021, 1022, 1026, 1028, 1029]
24.599999999999998, 85.25,78.15833333333333, 8, 6, 0.5125, 10,33,[119, 120, 122, 125, 127, 128, 129, 481, 482, 484, 487, 489, 579, 582, 583, 586, 589, 729, 730, 731, 832, 834, 835, 836, 839, 959, 1060, 1061, 1062, 1063, 1064, 1067, 1068]
28.200000000000003, 59.0,59.425, 8, 6, 0.5875, 10,5,[579, 580, 585, 586, 589]
28.200000000000003, 98.25,96.6, 8, 6, 0.5875, 10,33,[119, 239, 241, 242, 243, 245, 248, 249, 349, 350, 352, 479, 483, 484, 487, 488, 599, 602, 603, 604, 606, 719, 720, 721, 833, 834, 839, 959, 1069, 1070, 1075, 1076, 1079]
28.200000000000003, 81.75,82.76666666666667, 8, 6, 0.5875, 10,23,[119, 121, 122, 239, 359, 367, 368, 481, 483, 484, 487, 488, 759, 762, 764, 765, 766, 767, 769, 949, 956, 958, 1069]
28.200000000000003, 58.333333333333336,59.775, 8, 6, 0.5875, 10,1,[819]
28.200000000000003, 60.0,59.724999999999994, 8, 6, 0.5875, 10,1,[599]
30.0, 68.91666666666667,67.44166666666666, 8, 6, 0.625, 10,7,[129, 135, 136, 955, 956, 958, 1079]
30.0, 69.66666666666667,69.98333333333333, 8, 6, 0.625, 10,9,[113, 114, 119, 238, 352, 353, 356, 357, 359]
30.0, 58.0,61.608333333333334, 8, 6, 0.625, 10,15,[119, 120, 122, 125, 127, 128, 129, 579, 588, 589, 869, 870, 875, 876, 879]
30.0, 86.33333333333333,85.9, 8, 6, 0.625, 10,29,[119, 121, 122, 126, 127, 238, 364, 366, 369, 484, 487, 489, 839, 840, 845, 846, 849, 955, 956, 958, 1091, 1092, 1093, 1094, 1095, 1096, 1097, 1098, 1099]
30.0, 58.416666666666664,59.824999999999996, 8, 6, 0.625, 10,9,[259, 260, 262, 267, 268, 489, 1042, 1044, 1049]
31.799999999999997, 94.41666666666667,97.575, 8, 6, 0.6625, 10,41,[119, 239, 243, 245, 349, 350, 352, 355, 356, 358, 359, 481, 482, 484, 487, 488, 579, 580, 581, 582, 585, 586, 589, 725, 726, 729, 819, 820, 825, 826, 827, 828, 829, 959, 961, 962, 1059, 1061, 1062, 1063, 1064]
31.799999999999997, 82.58333333333333,87.4, 8, 6, 0.6625, 10,27,[119, 239, 241, 242, 243, 245, 248, 249, 359, 367, 368, 469, 470, 473, 476, 479, 599, 602, 603, 604, 607, 710, 712, 713, 717, 719, 1009]
31.799999999999997, 68.75,72.2, 8, 6, 0.6625, 10,21,[119, 252, 254, 255, 257, 258, 591, 592, 593, 594, 597, 819, 820, 827, 828, 829, 1069, 1072, 1073, 1078, 1079]
