2.4000000000000004, 54.75,54.03333333333333, 8, 6, 0.05, 20,3,[651, 653, 658]
2.4000000000000004, 53.166666666666664,55.7, 8, 6, 0.05, 20,5,[389, 390, 397, 398, 399]
2.4000000000000004, 53.333333333333336,54.74166666666667, 8, 6, 0.05, 20,1,[639]
2.4000000000000004, 51.083333333333336,53.90833333333334, 8, 6, 0.05, 20,7,[579, 580, 581, 582, 585, 586, 589]
2.4000000000000004, 51.083333333333336,53.900000000000006, 8, 6, 0.05, 20,7,[579, 580, 581, 582, 585, 586, 589]
33.599999999999994, 51.833333333333336,54.708333333333336, 8, 6, 0.7, 20,7,[379, 382, 383, 529, 907, 908, 909]
33.599999999999994, 85.66666666666667,83.39999999999999, 8, 6, 0.7, 10,29,[119, 270, 271, 272, 273, 277, 278, 279, 599, 602, 603, 604, 605, 710, 718, 719, 839, 840, 841, 843, 844, 959, 1079, 1080, 1081, 1083, 1084, 1085, 1086]
33.599999999999994, 78.16666666666667,75.55, 8, 6, 0.7, 10,19,[119, 459, 460, 461, 462, 463, 468, 469, 833, 834, 839, 955, 956, 958, 1069, 1070, 1075, 1076, 1079]
33.599999999999994, 96.0,97.95, 8, 6, 0.7, 10,39,[119, 120, 122, 125, 127, 128, 129, 239, 243, 245, 359, 362, 363, 367, 369, 484, 485, 486, 487, 489, 599, 729, 730, 731, 819, 820, 827, 828, 829, 959, 961, 964, 967, 969, 1069, 1070, 1075, 1076, 1079]
33.599999999999994, 93.83333333333333,97.76666666666667, 8, 6, 0.7, 10,37,[109, 110, 111, 118, 119, 229, 230, 232, 233, 235, 237, 238, 349, 486, 487, 489, 589, 596, 597, 719, 819, 820, 823, 826, 827, 828, 829, 955, 956, 958, 1060, 1061, 1062, 1063, 1064, 1067, 1068]
33.599999999999994, 76.75,76.34166666666667, 8, 6, 0.7, 10,19,[119, 235, 236, 238, 369, 371, 372, 374, 376, 933, 934, 935, 936, 937, 938, 939, 1075, 1076, 1079]
36.0, 81.58333333333333,83.64166666666667, 8, 6, 0.75, 10,35,[111, 112, 113, 114, 115, 116, 117, 118, 119, 239, 243, 245, 359, 362, 363, 367, 369, 473, 476, 479, 901, 902, 903, 904, 905, 906, 907, 942, 944, 945, 948, 949, 1079, 1080, 1089]
36.0, 82.5,82.29166666666666, 8, 6, 0.75, 10,21,[119, 121, 122, 239, 241, 242, 243, 245, 248, 249, 439, 714, 716, 719, 839, 840, 841, 955, 956, 958, 1079]
36.0, 76.91666666666667,78.14166666666667, 8, 6, 0.75, 10,15,[119, 120, 122, 125, 127, 128, 129, 459, 833, 834, 835, 836, 839, 949, 1079]
36.0, 78.66666666666667,77.4, 8, 6, 0.75, 10,19,[113, 114, 119, 238, 352, 353, 359, 481, 482, 484, 487, 489, 1069, 1070, 1071, 1072, 1073, 1078, 1079]
36.0, 61.75,62.33333333333333, 8, 6, 0.75, 10,5,[119, 419, 1039, 1045, 1046]
38.400000000000006, 58.583333333333336,59.71666666666666, 8, 6, 0.8, 10,5,[611, 613, 614, 615, 619]
38.400000000000006, 55.0,59.63333333333334, 8, 6, 0.8, 10,1,[539]
38.400000000000006, 51.333333333333336,59.65833333333334, 8, 6, 0.8, 10,5,[252, 254, 256, 257, 258]
33.599999999999994, 98.33333333333333,98.9, 8, 6, 0.7, 10,25,[119, 239, 244, 245, 352, 353, 359, 481, 482, 484, 487, 489, 599, 719, 720, 721, 833, 834, 839, 959, 961, 962, 1069, 1072, 1073]
33.599999999999994, 81.33333333333333,81.65833333333333, 8, 6, 0.7, 20,55,[51, 52, 54, 56, 57, 113, 114, 119, 177, 178, 179, 238, 299, 303, 304, 339, 340, 349, 419, 420, 421, 422, 426, 428, 429, 469, 470, 473, 477, 478, 889, 890, 891, 894, 899, 959, 1019, 1020, 1021, 1024, 1025, 1079, 1080, 1081, 1083, 1084, 1085, 1086, 1087, 1088, 1131, 1132, 1133, 1134, 1139]
33.599999999999994, 71.5,69.825, 8, 6, 0.7, 20,27,[59, 113, 114, 119, 177, 178, 179, 239, 243, 245, 299, 359, 362, 363, 367, 369, 549, 971, 972, 974, 975, 976, 978, 979, 1139, 1140, 1149]
33.599999999999994, 78.16666666666667,76.41666666666667, 8, 6, 0.7, 20,31,[59, 119, 179, 239, 243, 245, 409, 410, 416, 417, 419, 479, 483, 484, 487, 488, 542, 543, 549, 959, 961, 964, 967, 969, 1019, 1079, 1139, 1144, 1145, 1147, 1148]
33.599999999999994, 72.5,75.94166666666666, 8, 6, 0.7, 20,39,[54, 55, 57, 119, 177, 178, 179, 239, 244, 245, 299, 361, 362, 364, 366, 369, 649, 650, 651, 655, 656, 657, 658, 724, 726, 729, 833, 834, 839, 1079, 1080, 1081, 1083, 1084, 1085, 1086, 1087, 1088, 1139]
33.599999999999994, 81.91666666666667,81.24166666666667, 8, 6, 0.7, 20,45,[60, 63, 64, 68, 69, 111, 112, 113, 114, 119, 177, 178, 179, 239, 243, 245, 300, 302, 304, 306, 307, 308, 309, 359, 367, 368, 419, 481, 482, 484, 487, 489, 659, 949, 956, 958, 1019, 1069, 1070, 1075, 1076, 1079, 1129, 1136, 1139]
36.0, 72.41666666666667,71.96666666666667, 8, 6, 0.75, 20,39,[60, 113, 114, 119, 529, 530, 532, 534, 537, 607, 779, 784, 785, 951, 953, 954, 956, 958, 1019, 1020, 1021, 1022, 1023, 1024, 1026, 1028, 1029, 1079, 1080, 1081, 1083, 1084, 1085, 1086, 1139, 1144, 1145, 1147, 1148]
36.0, 80.83333333333333,81.15833333333333, 8, 6, 0.75, 20,41,[59, 113, 114, 119, 179, 239, 299, 359, 367, 368, 419, 799, 800, 801, 804, 809, 900, 959, 961, 962, 1019, 1020, 1021, 1024, 1025, 1079, 1080, 1082, 1083, 1084, 1085, 1086, 1087, 1089, 1130, 1132, 1133, 1134, 1135, 1136, 1139]
36.0, 79.5,81.49166666666666, 8, 6, 0.75, 20,39,[54, 55, 59, 113, 114, 119, 177, 178, 179, 239, 601, 602, 603, 604, 607, 710, 711, 714, 716, 719, 771, 772, 779, 839, 840, 841, 891, 892, 899, 959, 1019, 1069, 1070, 1075, 1076, 1079, 1133, 1134, 1139]
36.0, 78.66666666666667,77.0, 8, 6, 0.75, 20,33,[59, 119, 179, 186, 187, 239, 243, 245, 290, 291, 299, 359, 367, 368, 419, 481, 482, 484, 487, 488, 532, 533, 538, 1079, 1080, 1081, 1083, 1084, 1085, 1086, 1087, 1088, 1139]
36.0, 74.33333333333333,72.68333333333334, 8, 6, 0.75, 20,33,[59, 229, 230, 232, 233, 235, 237, 238, 299, 499, 507, 508, 509, 510, 516, 517, 519, 599, 602, 603, 604, 607, 651, 653, 659, 729, 1013, 1015, 1016, 1018, 1019, 1079, 1139]
38.400000000000006, 73.66666666666667,71.99166666666666, 8, 6, 0.8, 20,25,[59, 113, 114, 119, 179, 239, 300, 302, 304, 305, 307, 308, 309, 831, 837, 839, 1016, 1017, 1019, 1079, 1139, 1144, 1145, 1147, 1148]
38.400000000000006, 74.0,76.33333333333333, 8, 6, 0.8, 20,11,[59, 119, 179, 239, 243, 245, 299, 359, 419, 959, 1129]
38.400000000000006, 73.66666666666667,76.14166666666667, 8, 6, 0.8, 20,29,[59, 113, 114, 119, 539, 540, 542, 543, 546, 547, 549, 599, 659, 660, 662, 665, 667, 668, 669, 955, 956, 959, 1019, 1020, 1021, 1024, 1025, 1079, 1139]
38.400000000000006, 82.66666666666667,81.71666666666667, 8, 6, 0.8, 20,23,[59, 119, 179, 186, 187, 239, 299, 359, 367, 368, 419, 473, 476, 479, 539, 540, 541, 970, 978, 979, 1009, 1079, 1139]
38.400000000000006, 76.41666666666667,77.99166666666667, 8, 6, 0.8, 20,29,[59, 113, 114, 119, 179, 239, 244, 245, 299, 359, 367, 368, 439, 549, 556, 557, 649, 719, 720, 721, 771, 773, 774, 775, 779, 1069, 1129, 1136, 1139]
40.8, 89.83333333333333,90.44166666666666, 8, 6, 0.85, 20,37,[59, 119, 121, 122, 179, 239, 244, 245, 299, 352, 353, 359, 419, 479, 539, 540, 541, 599, 710, 712, 713, 717, 719, 839, 840, 841, 891, 892, 899, 959, 961, 962, 1016, 1017, 1019, 1079, 1139]
40.8, 67.0,70.25, 8, 6, 0.85, 20,27,[60, 113, 114, 119, 179, 186, 187, 289, 293, 294, 297, 298, 419, 549, 771, 773, 774, 775, 779, 869, 877, 879, 1009, 1079, 1130, 1136, 1139]
40.8, 79.0,78.825, 8, 6, 0.85, 20,31,[59, 119, 177, 178, 179, 239, 243, 245, 290, 291, 299, 839, 840, 841, 843, 845, 899, 959, 1019, 1020, 1021, 1024, 1025, 1028, 1029, 1069, 1070, 1075, 1076, 1079, 1139]
40.8, 72.08333333333333,73.85000000000001, 8, 6, 0.85, 20,35,[59, 113, 114, 119, 179, 186, 187, 239, 243, 245, 299, 359, 362, 363, 367, 368, 419, 481, 482, 484, 487, 489, 642, 643, 649, 779, 784, 785, 1120, 1121, 1124, 1125, 1127, 1128, 1129]
40.8, 79.16666666666667,78.4, 8, 6, 0.85, 20,37,[59, 119, 121, 122, 179, 239, 244, 245, 299, 359, 367, 368, 419, 481, 483, 484, 487, 488, 549, 979, 989, 990, 993, 994, 999, 1069, 1070, 1071, 1072, 1075, 1076, 1077, 1078, 1079, 1129, 1136, 1139]
43.2, 79.91666666666667,78.475, 8, 6, 0.9, 20,51,[59, 111, 112, 113, 114, 119, 177, 178, 179, 239, 241, 242, 243, 245, 248, 249, 539, 619, 639, 645, 646, 647, 648, 719, 720, 722, 723, 724, 726, 729, 900, 906, 907, 955, 956, 959, 1016, 1017, 1019, 1069, 1070, 1075, 1076, 1079, 1130, 1132, 1133, 1134, 1135, 1136, 1139]
43.2, 75.41666666666667,74.275, 8, 6, 0.9, 20,25,[59, 119, 179, 186, 187, 239, 243, 245, 248, 249, 569, 729, 730, 731, 899, 959, 1013, 1014, 1016, 1018, 1019, 1079, 1129, 1136, 1139]
43.2, 83.58333333333333,85.5, 8, 6, 0.9, 20,39,[59, 119, 179, 289, 293, 294, 539, 599, 659, 660, 662, 665, 667, 668, 669, 710, 717, 719, 780, 781, 787, 833, 834, 839, 899, 959, 1019, 1069, 1070, 1075, 1076, 1079, 1130, 1132, 1133, 1134, 1135, 1136, 1139]
43.2, 87.16666666666667,88.55833333333332, 8, 6, 0.9, 20,53,[54, 55, 59, 113, 114, 119, 179, 239, 299, 352, 354, 356, 358, 359, 419, 422, 424, 425, 426, 428, 429, 473, 476, 479, 539, 599, 602, 603, 604, 605, 659, 665, 666, 719, 720, 721, 771, 773, 774, 775, 779, 833, 834, 839, 959, 961, 963, 967, 969, 1069, 1129, 1136, 1139]
43.2, 75.08333333333333,73.425, 8, 6, 0.9, 20,37,[59, 113, 114, 119, 179, 186, 187, 239, 244, 245, 299, 303, 304, 352, 353, 359, 419, 422, 424, 425, 426, 428, 429, 479, 662, 663, 667, 668, 669, 739, 740, 741, 745, 746, 747, 748, 1120]
44.400000000000006, 76.08333333333333,76.53333333333333, 8, 6, 0.925, 20,31,[59, 113, 114, 119, 179, 186, 187, 352, 353, 359, 691, 692, 694, 695, 699, 833, 834, 835, 836, 839, 900, 906, 907, 959, 1019, 1020, 1021, 1024, 1025, 1079, 1139]
44.400000000000006, 76.58333333333333,79.9, 8, 6, 0.925, 20,33,[59, 119, 177, 178, 179, 239, 243, 245, 299, 352, 353, 359, 479, 487, 488, 714, 716, 719, 809, 812, 813, 814, 815, 959, 1019, 1079, 1130, 1132, 1133, 1134, 1135, 1136, 1139]
44.400000000000006, 83.75,85.15, 8, 6, 0.925, 20,53,[54, 55, 59, 119, 181, 186, 187, 239, 243, 245, 248, 249, 299, 364, 366, 369, 532, 533, 538, 689, 696, 697, 779, 839, 889, 890, 891, 895, 896, 897, 899, 970, 972, 973, 975, 976, 978, 979, 1013, 1014, 1016, 1018, 1019, 1079, 1080, 1082, 1083, 1084, 1085, 1086, 1087, 1089, 1139]
44.400000000000006, 82.66666666666667,80.27499999999999, 8, 6, 0.925, 20,37,[61, 63, 64, 65, 69, 119, 279, 280, 289, 352, 353, 359, 419, 479, 487, 488, 539, 540, 541, 599, 659, 660, 661, 665, 667, 668, 669, 959, 1019, 1075, 1076, 1079, 1139, 1144, 1145, 1147, 1148]
44.400000000000006, 73.41666666666667,77.7, 8, 6, 0.925, 20,39,[51, 52, 54, 56, 57, 113, 114, 119, 179, 186, 187, 239, 243, 245, 651, 653, 654, 655, 656, 657, 658, 724, 726, 729, 819, 959, 1019, 1020, 1021, 1024, 1025, 1028, 1029, 1091, 1092, 1093, 1098, 1099, 1139]
45.599999999999994, 84.08333333333333,82.64166666666667, 8, 6, 0.95, 20,59,[59, 119, 121, 122, 126, 127, 179, 239, 244, 245, 300, 302, 304, 305, 307, 308, 309, 359, 367, 368, 499, 500, 503, 504, 506, 507, 509, 599, 659, 660, 661, 665, 666, 719, 720, 721, 779, 784, 785, 852, 853, 857, 858, 859, 1019, 1020, 1021, 1024, 1025, 1069, 1070, 1071, 1072, 1075, 1076, 1077, 1078, 1079, 1139]
45.599999999999994, 74.0,75.97500000000001, 8, 6, 0.95, 20,41,[60, 119, 179, 186, 187, 279, 419, 475, 476, 479, 539, 680, 682, 684, 685, 686, 809, 812, 813, 814, 815, 949, 950, 951, 953, 954, 956, 958, 1009, 1069, 1070, 1071, 1072, 1075, 1076, 1077, 1078, 1079, 1133, 1134, 1139]
45.599999999999994, 69.83333333333333,71.63333333333334, 8, 6, 0.95, 20,27,[54, 55, 59, 119, 173, 174, 177, 178, 179, 239, 299, 352, 354, 356, 358, 359, 419, 669, 672, 674, 675, 676, 677, 678, 1129, 1136, 1137]
45.599999999999994, 77.33333333333333,76.1, 8, 6, 0.95, 20,45,[54, 56, 57, 113, 114, 119, 173, 174, 177, 178, 179, 239, 309, 314, 315, 317, 318, 833, 834, 835, 836, 839, 891, 892, 899, 959, 961, 962, 1019, 1020, 1021, 1022, 1023, 1024, 1026, 1028, 1029, 1079, 1130, 1132, 1133, 1134, 1135, 1136, 1139]
45.599999999999994, 91.08333333333333,90.68333333333334, 8, 6, 0.95, 20,63,[59, 119, 121, 122, 199, 200, 201, 203, 204, 207, 208, 359, 367, 368, 419, 479, 487, 488, 532, 533, 539, 599, 602, 603, 604, 606, 651, 653, 654, 655, 656, 657, 658, 719, 769, 770, 771, 773, 774, 775, 776, 777, 779, 833, 834, 839, 891, 892, 899, 959, 961, 962, 1019, 1020, 1021, 1024, 1025, 1069, 1070, 1075, 1076, 1079, 1139]
46.8, 79.91666666666667,81.40833333333333, 8, 6, 0.975, 20,57,[59, 113, 114, 119, 181, 182, 183, 184, 185, 186, 187, 188, 189, 359, 362, 363, 366, 369, 389, 391, 393, 719, 720, 721, 779, 784, 786, 839, 840, 841, 900, 906, 907, 959, 961, 962, 1019, 1020, 1021, 1022, 1023, 1024, 1026, 1028, 1029, 1079, 1080, 1081, 1083, 1084, 1085, 1086, 1139, 1141, 1142, 1143, 1149]
46.8, 88.33333333333333,86.75833333333334, 8, 6, 0.975, 20,53,[59, 119, 177, 178, 179, 239, 299, 303, 304, 308, 309, 352, 353, 359, 419, 479, 487, 488, 539, 599, 602, 603, 604, 605, 659, 660, 661, 665, 666, 719, 720, 722, 726, 727, 728, 729, 1019, 1020, 1021, 1024, 1025, 1069, 1070, 1071, 1072, 1075, 1076, 1077, 1078, 1079, 1133, 1134, 1139]
46.8, 74.16666666666667,77.66666666666666, 8, 6, 0.975, 20,51,[54, 55, 57, 111, 112, 113, 114, 115, 116, 117, 118, 119, 195, 196, 198, 199, 539, 540, 541, 599, 602, 603, 604, 606, 659, 660, 661, 665, 666, 668, 669, 799, 889, 890, 891, 895, 896, 897, 899, 959, 1019, 1069, 1070, 1071, 1072, 1075, 1076, 1079, 1139, 1140, 1149]
46.8, 78.33333333333333,77.46666666666667, 8, 6, 0.975, 20,39,[54, 55, 57, 113, 114, 119, 179, 239, 244, 245, 290, 291, 299, 359, 367, 368, 419, 949, 950, 951, 953, 954, 956, 958, 1016, 1017, 1019, 1069, 1070, 1075, 1076, 1079, 1130, 1132, 1133, 1134, 1135, 1136, 1139]
46.8, 89.5,90.44166666666666, 8, 6, 0.975, 20,47,[59, 119, 179, 239, 244, 245, 299, 359, 367, 368, 419, 479, 487, 488, 539, 599, 602, 603, 604, 605, 651, 653, 658, 714, 716, 719, 819, 820, 823, 826, 827, 828, 829, 955, 956, 958, 1016, 1017, 1019, 1069, 1070, 1075, 1076, 1079, 1130, 1136, 1139]
48.0, 88.83333333333333,89.64999999999999, 8, 6, 1.0, 20,59,[59, 119, 179, 186, 187, 239, 243, 245, 299, 359, 367, 368, 419, 423, 424, 425, 426, 479, 487, 488, 610, 613, 614, 615, 619, 719, 720, 721, 779, 784, 785, 833, 834, 839, 907, 908, 909, 952, 953, 955, 956, 958, 1019, 1020, 1021, 1022, 1023, 1024, 1026, 1028, 1029, 1069, 1070, 1075, 1076, 1079, 1133, 1134, 1139]
48.0, 98.41666666666667,96.55833333333334, 8, 6, 1.0, 20,49,[59, 119, 179, 239, 299, 359, 367, 368, 419, 479, 487, 488, 532, 533, 539, 599, 602, 603, 604, 605, 659, 710, 712, 713, 717, 719, 779, 833, 834, 839, 899, 959, 961, 962, 1016, 1017, 1019, 1079, 1080, 1081, 1083, 1084, 1085, 1086, 1087, 1088, 1133, 1134, 1139]
48.0, 76.41666666666667,76.4, 8, 6, 1.0, 20,45,[60, 68, 69, 119, 121, 122, 126, 127, 177, 178, 179, 239, 243, 245, 289, 291, 299, 359, 362, 363, 367, 369, 409, 410, 414, 415, 416, 418, 419, 481, 482, 484, 487, 489, 642, 644, 649, 1069, 1070, 1075, 1076, 1079, 1129, 1136, 1139]
48.0, 84.16666666666667,81.69999999999999, 8, 6, 1.0, 20,23,[59, 119, 177, 178, 179, 239, 243, 245, 299, 599, 659, 665, 666, 832, 837, 839, 899, 959, 1019, 1079, 1133, 1134, 1139]
48.0, 76.41666666666667,74.95833333333334, 8, 6, 1.0, 20,37,[59, 113, 114, 119, 181, 186, 187, 239, 243, 245, 329, 330, 336, 337, 339, 479, 487, 488, 532, 533, 539, 599, 602, 603, 604, 606, 729, 833, 834, 835, 836, 839, 900, 906, 907, 959, 1139]
