32.400000000000006, 99.83333333333333, 8, 6, 0.675
32.400000000000006, 100.0, 8, 6, 0.675
32.400000000000006, 100.0, 8, 6, 0.675
32.400000000000006, 99.83333333333333, 8, 6, 0.675
32.400000000000006, 100.0, 8, 6, 0.675
32.400000000000006, 99.25, 8, 6, 0.675
32.400000000000006, 100.0, 8, 6, 0.675
32.400000000000006, 99.41666666666667, 8, 6, 0.675
32.400000000000006, 100.0, 8, 6, 0.675
32.400000000000006, 100.0, 8, 6, 0.675
31.200000000000003, 100.0, 8, 6, 0.65
31.200000000000003, 96.0, 8, 6, 0.65
31.200000000000003, 100.0, 8, 6, 0.65
31.200000000000003, 50.0, 8, 6, 0.65
31.200000000000003, 100.0, 8, 6, 0.65
20.952380952380953, 99.91666666666667, 8, 8, 0.3273809523809524
20.952380952380953, 97.5, 8, 8, 0.3273809523809524
20.952380952380953, 100.0, 8, 8, 0.3273809523809524
20.952380952380953, 50.0, 8, 8, 0.3273809523809524
20.952380952380953, 100.0, 8, 8, 0.3273809523809524
30.095238095238095, 100.0, 8, 8, 0.47023809523809523
30.095238095238095, 100.0, 8, 8, 0.47023809523809523
30.095238095238095, 99.83333333333333, 8, 8, 0.47023809523809523
30.095238095238095, 98.16666666666667, 8, 8, 0.47023809523809523
30.095238095238095, 100.0, 8, 8, 0.47023809523809523
42.285714285714285, 100.0, 8, 8, 0.6607142857142857
42.285714285714285, 100.0, 8, 8, 0.6607142857142857
42.285714285714285, 97.41666666666667, 8, 8, 0.6607142857142857
42.285714285714285, 96.83333333333333, 8, 8, 0.6607142857142857
42.285714285714285, 100.0, 8, 8, 0.6607142857142857
37.2, 61.166666666666664, 8, 6, 0.775
37.2, 70.5, 8, 6, 0.775
37.2, 68.75, 8, 6, 0.775
37.2, 55.0, 8, 6, 0.775
37.2, 78.58333333333333, 8, 6, 0.775
31.200000000000003, 50.0, 8, 6, 0.65
31.200000000000003, 53.333333333333336, 8, 6, 0.65
31.200000000000003, 54.166666666666664, 8, 6, 0.65
31.200000000000003, 52.0, 8, 6, 0.65
31.200000000000003, 50.333333333333336, 8, 6, 0.65
33.599999999999994, 50.166666666666664, 8, 6, 0.7
33.599999999999994, 52.333333333333336, 8, 6, 0.7
33.599999999999994, 50.0, 8, 6, 0.7
33.599999999999994, 50.0, 8, 6, 0.7
33.599999999999994, 50.916666666666664, 8, 6, 0.7
20.19047619047619, 69.16666666666667, 8, 8, 0.31547619047619047
20.19047619047619, 71.0, 8, 8, 0.31547619047619047
20.19047619047619, 55.5, 8, 8, 0.31547619047619047
20.19047619047619, 71.0, 8, 8, 0.31547619047619047
20.19047619047619, 99.0, 8, 8, 0.31547619047619047
31.238095238095237, 50.0, 8, 8, 0.4880952380952381
31.238095238095237, 50.0, 8, 8, 0.4880952380952381
31.238095238095237, 50.0, 8, 8, 0.4880952380952381
31.238095238095237, 50.0, 8, 8, 0.4880952380952381
31.238095238095237, 50.0, 8, 8, 0.4880952380952381
42.666666666666664, 99.58333333333333, 8, 8, 0.6666666666666666
42.666666666666664, 70.91666666666667, 8, 8, 0.6666666666666666
42.666666666666664, 99.41666666666667, 8, 8, 0.6666666666666666
42.666666666666664, 96.91666666666667, 8, 8, 0.6666666666666666
42.666666666666664, 73.41666666666667, 8, 8, 0.6666666666666666
34.8, 58.75, 8, 6, 0.725
34.8, 61.083333333333336, 8, 6, 0.725
34.8, 50.833333333333336, 8, 6, 0.725
34.8, 57.25, 8, 6, 0.725
34.8, 60.0, 8, 6, 0.725
31.799999999999997, 59.916666666666664, 8, 6, 0.6625
31.799999999999997, 59.083333333333336, 8, 6, 0.6625
31.799999999999997, 59.916666666666664, 8, 6, 0.6625
31.799999999999997, 62.083333333333336, 8, 6, 0.6625
31.799999999999997, 62.166666666666664, 8, 6, 0.6625
33.0, 54.083333333333336, 8, 6, 0.6875
33.0, 60.5, 8, 6, 0.6875
33.0, 57.833333333333336, 8, 6, 0.6875
33.0, 60.166666666666664, 8, 6, 0.6875
33.0, 57.666666666666664, 8, 6, 0.6875
22.095238095238095, 61.75, 8, 8, 0.34523809523809523
22.095238095238095, 62.416666666666664, 8, 8, 0.34523809523809523
22.095238095238095, 55.583333333333336, 8, 8, 0.34523809523809523
22.095238095238095, 60.416666666666664, 8, 8, 0.34523809523809523
22.095238095238095, 60.916666666666664, 8, 8, 0.34523809523809523
30.095238095238095, 70.83333333333333, 8, 8, 0.47023809523809523
30.095238095238095, 53.5, 8, 8, 0.47023809523809523
30.095238095238095, 64.5, 8, 8, 0.47023809523809523
30.095238095238095, 71.25, 8, 8, 0.47023809523809523
30.095238095238095, 64.75, 8, 8, 0.47023809523809523
39.61904761904762, 54.916666666666664, 8, 8, 0.6190476190476191
39.61904761904762, 57.75, 8, 8, 0.6190476190476191
39.61904761904762, 58.666666666666664, 8, 8, 0.6190476190476191
39.61904761904762, 64.58333333333333, 8, 8, 0.6190476190476191
39.61904761904762, 61.0, 8, 8, 0.6190476190476191
32.785714285714285, 50.0, 8, 9, 0.45535714285714285
32.785714285714285, 99.83333333333333, 8, 9, 0.45535714285714285
32.785714285714285, 50.0, 8, 9, 0.45535714285714285
32.785714285714285, 50.0, 8, 9, 0.45535714285714285
32.785714285714285, 50.0, 8, 9, 0.45535714285714285
46.28571428571429, 98.33333333333333, 8, 9, 0.6428571428571429
46.28571428571429, 100.0, 8, 9, 0.6428571428571429
46.28571428571429, 99.83333333333333, 8, 9, 0.6428571428571429
46.28571428571429, 98.25, 8, 9, 0.6428571428571429
46.28571428571429, 100.0, 8, 9, 0.6428571428571429
45.96428571428571, 100.0, 8, 9, 0.6383928571428571
45.96428571428571, 99.75, 8, 9, 0.6383928571428571
45.96428571428571, 100.0, 8, 9, 0.6383928571428571
45.96428571428571, 99.66666666666667, 8, 9, 0.6383928571428571
45.96428571428571, 99.66666666666667, 8, 9, 0.6383928571428571
25.177777777777777, 100.0, 8, 11, 0.2861111111111111
25.177777777777777, 99.91666666666667, 8, 11, 0.2861111111111111
25.177777777777777, 100.0, 8, 11, 0.2861111111111111
25.177777777777777, 100.0, 8, 11, 0.2861111111111111
25.177777777777777, 100.0, 8, 11, 0.2861111111111111
41.31111111111111, 50.0, 8, 11, 0.46944444444444444
41.31111111111111, 100.0, 8, 11, 0.46944444444444444
41.31111111111111, 50.0, 8, 11, 0.46944444444444444
41.31111111111111, 99.75, 8, 11, 0.46944444444444444
41.31111111111111, 99.66666666666667, 8, 11, 0.46944444444444444
52.55555555555556, 50.0, 8, 11, 0.5972222222222222
52.55555555555556, 50.0, 8, 11, 0.5972222222222222
52.55555555555556, 100.0, 8, 11, 0.5972222222222222
52.55555555555556, 50.0, 8, 11, 0.5972222222222222
52.55555555555556, 50.0, 8, 11, 0.5972222222222222
32.464285714285715, 97.08333333333333, 8, 9, 0.45089285714285715
32.464285714285715, 98.83333333333333, 8, 9, 0.45089285714285715
32.464285714285715, 98.08333333333333, 8, 9, 0.45089285714285715
32.464285714285715, 73.58333333333333, 8, 9, 0.45089285714285715
32.464285714285715, 66.41666666666667, 8, 9, 0.45089285714285715
48.53571428571429, 50.0, 8, 9, 0.6741071428571429
48.53571428571429, 74.33333333333333, 8, 9, 0.6741071428571429
48.53571428571429, 50.0, 8, 9, 0.6741071428571429
48.53571428571429, 50.0, 8, 9, 0.6741071428571429
48.53571428571429, 99.83333333333333, 8, 9, 0.6741071428571429
47.89285714285714, 87.58333333333333, 8, 9, 0.6651785714285714
47.89285714285714, 73.16666666666667, 8, 9, 0.6651785714285714
47.89285714285714, 98.16666666666667, 8, 9, 0.6651785714285714
47.89285714285714, 57.666666666666664, 8, 9, 0.6651785714285714
47.89285714285714, 99.41666666666667, 8, 9, 0.6651785714285714
26.644444444444442, 50.0, 8, 11, 0.30277777777777776
26.644444444444442, 50.0, 8, 11, 0.30277777777777776
26.644444444444442, 50.0, 8, 11, 0.30277777777777776
26.644444444444442, 98.41666666666667, 8, 11, 0.30277777777777776
26.644444444444442, 50.0, 8, 11, 0.30277777777777776
39.11111111111111, 50.0, 8, 11, 0.4444444444444444
39.11111111111111, 50.0, 8, 11, 0.4444444444444444
39.11111111111111, 70.75, 8, 11, 0.4444444444444444
39.11111111111111, 68.58333333333333, 8, 11, 0.4444444444444444
39.11111111111111, 99.16666666666667, 8, 11, 0.4444444444444444
50.11111111111111, 98.08333333333333, 8, 11, 0.5694444444444444
50.11111111111111, 50.0, 8, 11, 0.5694444444444444
50.11111111111111, 74.0, 8, 11, 0.5694444444444444
50.11111111111111, 50.0, 8, 11, 0.5694444444444444
50.11111111111111, 99.66666666666667, 8, 11, 0.5694444444444444
35.035714285714285, 81.0, 8, 9, 0.48660714285714285
35.035714285714285, 59.583333333333336, 8, 9, 0.48660714285714285
35.035714285714285, 68.25, 8, 9, 0.48660714285714285
35.035714285714285, 68.66666666666667, 8, 9, 0.48660714285714285
35.035714285714285, 56.666666666666664, 8, 9, 0.48660714285714285
47.25, 50.0, 8, 9, 0.65625
47.25, 50.0, 8, 9, 0.65625
47.25, 50.0, 8, 9, 0.65625
47.25, 50.0, 8, 9, 0.65625
47.25, 50.0, 8, 9, 0.65625
52.39285714285714, 73.66666666666667, 8, 9, 0.7276785714285714
52.39285714285714, 98.5, 8, 9, 0.7276785714285714
52.39285714285714, 61.916666666666664, 8, 9, 0.7276785714285714
52.39285714285714, 61.916666666666664, 8, 9, 0.7276785714285714
52.39285714285714, 70.08333333333333, 8, 9, 0.7276785714285714
25.666666666666668, 61.25, 8, 11, 0.2916666666666667
25.666666666666668, 70.83333333333333, 8, 11, 0.2916666666666667
25.666666666666668, 60.583333333333336, 8, 11, 0.2916666666666667
25.666666666666668, 69.25, 8, 11, 0.2916666666666667
25.666666666666668, 62.083333333333336, 8, 11, 0.2916666666666667
39.11111111111111, 50.0, 8, 11, 0.4444444444444444
39.11111111111111, 72.25, 8, 11, 0.4444444444444444
39.11111111111111, 61.833333333333336, 8, 11, 0.4444444444444444
39.11111111111111, 76.0, 8, 11, 0.4444444444444444
39.11111111111111, 50.0, 8, 11, 0.4444444444444444
54.266666666666666, 98.25, 8, 11, 0.6166666666666667
54.266666666666666, 83.66666666666667, 8, 11, 0.6166666666666667
54.266666666666666, 73.75, 8, 11, 0.6166666666666667
54.266666666666666, 50.0, 8, 11, 0.6166666666666667
54.266666666666666, 94.33333333333333, 8, 11, 0.6166666666666667
173.40952380952382, 100.0, 16, 16, 0.6773809523809524
173.40952380952382, 50.0, 16, 16, 0.6773809523809524
173.40952380952382, 50.0, 16, 16, 0.6773809523809524
173.40952380952382, 50.0, 16, 16, 0.6773809523809524
173.40952380952382, 99.5, 16, 16, 0.6773809523809524
185.6, 50.0, 16, 16, 0.725
185.6, 50.0, 16, 16, 0.725
185.6, 50.0, 16, 16, 0.725
185.6, 50.0, 16, 16, 0.725
185.6, 50.0, 16, 16, 0.725
186.36190476190475, 50.0, 16, 16, 0.7279761904761904
186.36190476190475, 50.0, 16, 16, 0.7279761904761904
186.36190476190475, 50.0, 16, 16, 0.7279761904761904
186.36190476190475, 50.0, 16, 16, 0.7279761904761904
186.36190476190475, 50.0, 16, 16, 0.7279761904761904
134.3859649122807, 50.0, 16, 20, 0.4199561403508772
134.3859649122807, 50.0, 16, 20, 0.4199561403508772
134.3859649122807, 50.0, 16, 20, 0.4199561403508772
134.3859649122807, 50.0, 16, 20, 0.4199561403508772
134.3859649122807, 50.0, 16, 20, 0.4199561403508772
184.44444444444443, 50.0, 16, 20, 0.5763888888888888
184.44444444444443, 50.0, 16, 20, 0.5763888888888888
184.44444444444443, 50.0, 16, 20, 0.5763888888888888
184.44444444444443, 50.0, 16, 20, 0.5763888888888888
184.44444444444443, 50.0, 16, 20, 0.5763888888888888
237.30994152046782, 50.0, 16, 20, 0.741593567251462
237.30994152046782, 50.0, 16, 20, 0.741593567251462
237.30994152046782, 50.0, 16, 20, 0.741593567251462
237.30994152046782, 50.0, 16, 20, 0.741593567251462
237.30994152046782, 50.0, 16, 20, 0.741593567251462
175.23809523809524, 50.0, 16, 16, 0.6845238095238095
175.23809523809524, 50.0, 16, 16, 0.6845238095238095
175.23809523809524, 50.0, 16, 16, 0.6845238095238095
175.23809523809524, 50.0, 16, 16, 0.6845238095238095
175.23809523809524, 50.0, 16, 16, 0.6845238095238095
186.8190476190476, 50.0, 16, 16, 0.7297619047619047
186.8190476190476, 50.0, 16, 16, 0.7297619047619047
186.8190476190476, 50.0, 16, 16, 0.7297619047619047
186.8190476190476, 50.0, 16, 16, 0.7297619047619047
186.8190476190476, 50.0, 16, 16, 0.7297619047619047
186.05714285714285, 50.0, 16, 16, 0.7267857142857143
186.05714285714285, 50.0, 16, 16, 0.7267857142857143
186.05714285714285, 50.0, 16, 16, 0.7267857142857143
186.05714285714285, 50.0, 16, 16, 0.7267857142857143
186.05714285714285, 50.0, 16, 16, 0.7267857142857143
130.64327485380116, 50.0, 16, 20, 0.40826023391812866
130.64327485380116, 50.0, 16, 20, 0.40826023391812866
130.64327485380116, 50.0, 16, 20, 0.40826023391812866
130.64327485380116, 50.0, 16, 20, 0.40826023391812866
130.64327485380116, 74.08333333333333, 16, 20, 0.40826023391812866
185.84795321637426, 50.0, 16, 20, 0.5807748538011696
185.84795321637426, 50.0, 16, 20, 0.5807748538011696
185.84795321637426, 50.0, 16, 20, 0.5807748538011696
185.84795321637426, 50.0, 16, 20, 0.5807748538011696
185.84795321637426, 50.0, 16, 20, 0.5807748538011696
221.40350877192984, 50.0, 16, 20, 0.6918859649122807
221.40350877192984, 50.0, 16, 20, 0.6918859649122807
221.40350877192984, 50.0, 16, 20, 0.6918859649122807
221.40350877192984, 50.0, 16, 20, 0.6918859649122807
221.40350877192984, 50.0, 16, 20, 0.6918859649122807
174.62857142857143, 50.0, 16, 16, 0.6821428571428572
174.62857142857143, 50.0, 16, 16, 0.6821428571428572
174.62857142857143, 50.0, 16, 16, 0.6821428571428572
174.62857142857143, 50.0, 16, 16, 0.6821428571428572
174.62857142857143, 50.0, 16, 16, 0.6821428571428572
185.14285714285714, 50.0, 16, 16, 0.7232142857142857
185.14285714285714, 50.0, 16, 16, 0.7232142857142857
185.14285714285714, 50.0, 16, 16, 0.7232142857142857
185.14285714285714, 50.0, 16, 16, 0.7232142857142857
185.14285714285714, 50.0, 16, 16, 0.7232142857142857
179.65714285714284, 50.0, 16, 16, 0.7017857142857142
179.65714285714284, 50.0, 16, 16, 0.7017857142857142
179.65714285714284, 50.0, 16, 16, 0.7017857142857142
179.65714285714284, 50.0, 16, 16, 0.7017857142857142
179.65714285714284, 50.0, 16, 16, 0.7017857142857142
135.43859649122805, 74.83333333333333, 16, 20, 0.4232456140350877
135.43859649122805, 50.0, 16, 20, 0.4232456140350877
135.43859649122805, 50.0, 16, 20, 0.4232456140350877
135.43859649122805, 98.41666666666667, 16, 20, 0.4232456140350877
135.43859649122805, 74.41666666666667, 16, 20, 0.4232456140350877
180.7017543859649, 50.0, 16, 20, 0.5646929824561403
180.7017543859649, 50.0, 16, 20, 0.5646929824561403
180.7017543859649, 50.0, 16, 20, 0.5646929824561403
180.7017543859649, 50.0, 16, 20, 0.5646929824561403
180.7017543859649, 50.0, 16, 20, 0.5646929824561403
224.7953216374269, 50.0, 16, 20, 0.702485380116959
224.7953216374269, 50.0, 16, 20, 0.702485380116959
224.7953216374269, 50.0, 16, 20, 0.702485380116959
224.7953216374269, 50.0, 16, 20, 0.702485380116959
224.7953216374269, 50.0, 16, 20, 0.702485380116959
176.9142857142857, 50.0, 16, 16, 0.6910714285714286
176.9142857142857, 50.0, 16, 16, 0.6910714285714286
176.9142857142857, 50.0, 16, 16, 0.6910714285714286
176.9142857142857, 50.0, 16, 16, 0.6910714285714286
176.9142857142857, 50.0, 16, 16, 0.6910714285714286
184.38095238095238, 50.0, 16, 16, 0.7202380952380952
184.38095238095238, 50.0, 16, 16, 0.7202380952380952
184.38095238095238, 50.0, 16, 16, 0.7202380952380952
184.38095238095238, 50.0, 16, 16, 0.7202380952380952
184.38095238095238, 50.0, 16, 16, 0.7202380952380952
188.03809523809525, 50.0, 16, 16, 0.7345238095238096
188.03809523809525, 50.0, 16, 16, 0.7345238095238096
188.03809523809525, 58.666666666666664, 16, 16, 0.7345238095238096
188.03809523809525, 50.0, 16, 16, 0.7345238095238096
188.03809523809525, 50.0, 16, 16, 0.7345238095238096
134.73684210526315, 50.0, 16, 20, 0.42105263157894735
134.73684210526315, 50.0, 16, 20, 0.42105263157894735
134.73684210526315, 50.0, 16, 20, 0.42105263157894735
134.73684210526315, 50.0, 16, 20, 0.42105263157894735
134.73684210526315, 50.0, 16, 20, 0.42105263157894735
183.62573099415204, 50.0, 16, 20, 0.5738304093567251
183.62573099415204, 50.0, 16, 20, 0.5738304093567251
183.62573099415204, 50.0, 16, 20, 0.5738304093567251
183.62573099415204, 50.0, 16, 20, 0.5738304093567251
183.62573099415204, 50.0, 16, 20, 0.5738304093567251
30.599999999999998, 100.0, 8, 6, 0.6375
30.599999999999998, 100.0, 8, 6, 0.6375
30.599999999999998, 100.0, 8, 6, 0.6375
30.599999999999998, 99.5, 8, 6, 0.6375
30.599999999999998, 100.0, 8, 6, 0.6375
34.8, 100.0, 8, 6, 0.725
34.8, 99.5, 8, 6, 0.725
34.8, 100.0, 8, 6, 0.725
34.8, 100.0, 8, 6, 0.725
34.8, 99.83333333333333, 8, 6, 0.725
33.0, 99.83333333333333, 8, 6, 0.6875
33.0, 100.0, 8, 6, 0.6875
33.0, 100.0, 8, 6, 0.6875
33.0, 100.0, 8, 6, 0.6875
33.0, 50.0, 8, 6, 0.6875
20.19047619047619, 50.0, 8, 8, 0.31547619047619047
20.19047619047619, 99.83333333333333, 8, 8, 0.31547619047619047
20.19047619047619, 50.0, 8, 8, 0.31547619047619047
20.19047619047619, 97.16666666666667, 8, 8, 0.31547619047619047
20.19047619047619, 99.75, 8, 8, 0.31547619047619047
34.285714285714285, 99.66666666666667, 8, 8, 0.5357142857142857
34.285714285714285, 100.0, 8, 8, 0.5357142857142857
34.285714285714285, 99.83333333333333, 8, 8, 0.5357142857142857
34.285714285714285, 99.75, 8, 8, 0.5357142857142857
34.285714285714285, 99.83333333333333, 8, 8, 0.5357142857142857
41.904761904761905, 99.83333333333333, 8, 8, 0.6547619047619048
41.904761904761905, 99.91666666666667, 8, 8, 0.6547619047619048
41.904761904761905, 99.83333333333333, 8, 8, 0.6547619047619048
41.904761904761905, 100.0, 8, 8, 0.6547619047619048
41.904761904761905, 99.83333333333333, 8, 8, 0.6547619047619048
35.400000000000006, 50.166666666666664, 8, 6, 0.7375
35.400000000000006, 72.5, 8, 6, 0.7375
35.400000000000006, 50.0, 8, 6, 0.7375
35.400000000000006, 82.08333333333333, 8, 6, 0.7375
35.400000000000006, 50.0, 8, 6, 0.7375
33.599999999999994, 54.5, 8, 6, 0.7
33.599999999999994, 52.166666666666664, 8, 6, 0.7
33.599999999999994, 53.833333333333336, 8, 6, 0.7
33.599999999999994, 68.75, 8, 6, 0.7
33.599999999999994, 53.333333333333336, 8, 6, 0.7
36.0, 51.083333333333336, 8, 6, 0.75
36.0, 70.75, 8, 6, 0.75
36.0, 70.41666666666667, 8, 6, 0.75
36.0, 70.83333333333333, 8, 6, 0.75
36.0, 72.66666666666667, 8, 6, 0.75
22.857142857142858, 98.5, 8, 8, 0.35714285714285715
22.857142857142858, 50.583333333333336, 8, 8, 0.35714285714285715
22.857142857142858, 99.58333333333333, 8, 8, 0.35714285714285715
22.857142857142858, 70.08333333333333, 8, 8, 0.35714285714285715
22.857142857142858, 84.91666666666667, 8, 8, 0.35714285714285715
31.61904761904762, 69.91666666666667, 8, 8, 0.49404761904761907
31.61904761904762, 50.583333333333336, 8, 8, 0.49404761904761907
31.61904761904762, 52.0, 8, 8, 0.49404761904761907
31.61904761904762, 73.33333333333333, 8, 8, 0.49404761904761907
31.61904761904762, 53.75, 8, 8, 0.49404761904761907
41.523809523809526, 62.5, 8, 8, 0.6488095238095238
41.523809523809526, 51.166666666666664, 8, 8, 0.6488095238095238
41.523809523809526, 71.83333333333333, 8, 8, 0.6488095238095238
41.523809523809526, 50.0, 8, 8, 0.6488095238095238
41.523809523809526, 50.0, 8, 8, 0.6488095238095238
30.599999999999998, 50.0, 8, 6, 0.6375
30.599999999999998, 50.0, 8, 6, 0.6375
30.599999999999998, 59.166666666666664, 8, 6, 0.6375
30.599999999999998, 64.16666666666667, 8, 6, 0.6375
30.599999999999998, 55.166666666666664, 8, 6, 0.6375
35.400000000000006, 50.0, 8, 6, 0.7375
35.400000000000006, 52.5, 8, 6, 0.7375
35.400000000000006, 56.666666666666664, 8, 6, 0.7375
35.400000000000006, 53.666666666666664, 8, 6, 0.7375
35.400000000000006, 57.166666666666664, 8, 6, 0.7375
34.8, 54.666666666666664, 8, 6, 0.725
34.8, 64.83333333333333, 8, 6, 0.725
34.8, 60.25, 8, 6, 0.725
34.8, 53.833333333333336, 8, 6, 0.725
34.8, 58.25, 8, 6, 0.725
20.952380952380953, 50.0, 8, 8, 0.3273809523809524
20.952380952380953, 55.416666666666664, 8, 8, 0.3273809523809524
20.952380952380953, 52.416666666666664, 8, 8, 0.3273809523809524
20.952380952380953, 53.833333333333336, 8, 8, 0.3273809523809524
20.952380952380953, 52.0, 8, 8, 0.3273809523809524
32.76190476190476, 69.16666666666667, 8, 8, 0.5119047619047619
32.76190476190476, 55.666666666666664, 8, 8, 0.5119047619047619
32.76190476190476, 68.08333333333333, 8, 8, 0.5119047619047619
32.76190476190476, 58.916666666666664, 8, 8, 0.5119047619047619
32.76190476190476, 57.25, 8, 8, 0.5119047619047619
43.04761904761905, 51.666666666666664, 8, 8, 0.6726190476190477
43.04761904761905, 63.416666666666664, 8, 8, 0.6726190476190477
43.04761904761905, 52.5, 8, 8, 0.6726190476190477
43.04761904761905, 52.75, 8, 8, 0.6726190476190477
43.04761904761905, 61.25, 8, 8, 0.6726190476190477
37.28571428571429, 99.91666666666667, 8, 9, 0.5178571428571429
37.28571428571429, 100.0, 8, 9, 0.5178571428571429
37.28571428571429, 100.0, 8, 9, 0.5178571428571429
37.28571428571429, 99.91666666666667, 8, 9, 0.5178571428571429
37.28571428571429, 99.83333333333333, 8, 9, 0.5178571428571429
48.85714285714286, 99.91666666666667, 8, 9, 0.6785714285714286
48.85714285714286, 99.91666666666667, 8, 9, 0.6785714285714286
48.85714285714286, 99.83333333333333, 8, 9, 0.6785714285714286
48.85714285714286, 99.83333333333333, 8, 9, 0.6785714285714286
48.85714285714286, 100.0, 8, 9, 0.6785714285714286
51.10714285714286, 100.0, 8, 9, 0.7098214285714286
51.10714285714286, 100.0, 8, 9, 0.7098214285714286
51.10714285714286, 99.83333333333333, 8, 9, 0.7098214285714286
51.10714285714286, 99.75, 8, 9, 0.7098214285714286
51.10714285714286, 99.83333333333333, 8, 9, 0.7098214285714286
27.37777777777778, 99.5, 8, 11, 0.3111111111111111
27.37777777777778, 99.75, 8, 11, 0.3111111111111111
27.37777777777778, 99.41666666666667, 8, 11, 0.3111111111111111
27.37777777777778, 100.0, 8, 11, 0.3111111111111111
27.37777777777778, 100.0, 8, 11, 0.3111111111111111
39.84444444444444, 50.0, 8, 11, 0.4527777777777778
39.84444444444444, 100.0, 8, 11, 0.4527777777777778
39.84444444444444, 50.0, 8, 11, 0.4527777777777778
39.84444444444444, 99.75, 8, 11, 0.4527777777777778
39.84444444444444, 99.16666666666667, 8, 11, 0.4527777777777778
52.31111111111111, 50.0, 8, 11, 0.5944444444444444
52.31111111111111, 50.0, 8, 11, 0.5944444444444444
52.31111111111111, 50.0, 8, 11, 0.5944444444444444
52.31111111111111, 50.0, 8, 11, 0.5944444444444444
52.31111111111111, 99.66666666666667, 8, 11, 0.5944444444444444
35.035714285714285, 95.0, 8, 9, 0.48660714285714285
35.035714285714285, 87.16666666666667, 8, 9, 0.48660714285714285
35.035714285714285, 95.33333333333333, 8, 9, 0.48660714285714285
35.035714285714285, 99.08333333333333, 8, 9, 0.48660714285714285
35.035714285714285, 55.083333333333336, 8, 9, 0.48660714285714285
49.82142857142857, 50.0, 8, 9, 0.6919642857142857
49.82142857142857, 73.33333333333333, 8, 9, 0.6919642857142857
49.82142857142857, 90.41666666666667, 8, 9, 0.6919642857142857
49.82142857142857, 73.0, 8, 9, 0.6919642857142857
49.82142857142857, 94.0, 8, 9, 0.6919642857142857
48.21428571428571, 99.16666666666667, 8, 9, 0.6696428571428571
48.21428571428571, 73.41666666666667, 8, 9, 0.6696428571428571
48.21428571428571, 91.91666666666667, 8, 9, 0.6696428571428571
48.21428571428571, 99.75, 8, 9, 0.6696428571428571
48.21428571428571, 99.91666666666667, 8, 9, 0.6696428571428571
28.355555555555558, 56.25, 8, 11, 0.32222222222222224
28.355555555555558, 97.83333333333333, 8, 11, 0.32222222222222224
28.355555555555558, 99.91666666666667, 8, 11, 0.32222222222222224
28.355555555555558, 58.833333333333336, 8, 11, 0.32222222222222224
28.355555555555558, 99.41666666666667, 8, 11, 0.32222222222222224
41.06666666666667, 99.33333333333333, 8, 11, 0.4666666666666667
41.06666666666667, 73.41666666666667, 8, 11, 0.4666666666666667
41.06666666666667, 99.5, 8, 11, 0.4666666666666667
41.06666666666667, 71.5, 8, 11, 0.4666666666666667
41.06666666666667, 99.91666666666667, 8, 11, 0.4666666666666667
53.777777777777786, 98.66666666666667, 8, 11, 0.6111111111111112
53.777777777777786, 50.0, 8, 11, 0.6111111111111112
53.777777777777786, 99.75, 8, 11, 0.6111111111111112
53.777777777777786, 99.66666666666667, 8, 11, 0.6111111111111112
53.777777777777786, 99.75, 8, 11, 0.6111111111111112
36.64285714285714, 50.0, 8, 9, 0.5089285714285714
36.64285714285714, 52.75, 8, 9, 0.5089285714285714
36.64285714285714, 50.0, 8, 9, 0.5089285714285714
36.64285714285714, 59.5, 8, 9, 0.5089285714285714
36.64285714285714, 58.916666666666664, 8, 9, 0.5089285714285714
49.5, 50.0, 8, 9, 0.6875
49.5, 84.08333333333333, 8, 9, 0.6875
49.5, 50.0, 8, 9, 0.6875
49.5, 69.75, 8, 9, 0.6875
49.5, 50.0, 8, 9, 0.6875
49.17857142857143, 69.25, 8, 9, 0.6830357142857143
49.17857142857143, 66.5, 8, 9, 0.6830357142857143
49.17857142857143, 61.416666666666664, 8, 9, 0.6830357142857143
49.17857142857143, 73.16666666666667, 8, 9, 0.6830357142857143
49.17857142857143, 81.5, 8, 9, 0.6830357142857143
25.177777777777777, 61.416666666666664, 8, 11, 0.2861111111111111
25.177777777777777, 50.0, 8, 11, 0.2861111111111111
25.177777777777777, 68.25, 8, 11, 0.2861111111111111
25.177777777777777, 50.0, 8, 11, 0.2861111111111111
25.177777777777777, 93.5, 8, 11, 0.2861111111111111
37.644444444444446, 98.83333333333333, 8, 11, 0.42777777777777776
37.644444444444446, 65.91666666666667, 8, 11, 0.42777777777777776
37.644444444444446, 71.5, 8, 11, 0.42777777777777776
37.644444444444446, 54.0, 8, 11, 0.42777777777777776
37.644444444444446, 76.91666666666667, 8, 11, 0.42777777777777776
55.48888888888889, 50.0, 8, 11, 0.6305555555555555
55.48888888888889, 50.0, 8, 11, 0.6305555555555555
55.48888888888889, 50.0, 8, 11, 0.6305555555555555
55.48888888888889, 59.25, 8, 11, 0.6305555555555555
55.48888888888889, 67.16666666666667, 8, 11, 0.6305555555555555
177.82857142857142, 50.0, 16, 16, 0.6946428571428571
177.82857142857142, 50.0, 16, 16, 0.6946428571428571
177.82857142857142, 50.0, 16, 16, 0.6946428571428571
177.82857142857142, 50.0, 16, 16, 0.6946428571428571
177.82857142857142, 99.5, 16, 16, 0.6946428571428571
189.10476190476192, 50.0, 16, 16, 0.7386904761904762
189.10476190476192, 100.0, 16, 16, 0.7386904761904762
189.10476190476192, 50.0, 16, 16, 0.7386904761904762
189.10476190476192, 99.66666666666667, 16, 16, 0.7386904761904762
189.10476190476192, 99.83333333333333, 16, 16, 0.7386904761904762
181.1809523809524, 99.66666666666667, 16, 16, 0.7077380952380953
181.1809523809524, 50.0, 16, 16, 0.7077380952380953
181.1809523809524, 50.0, 16, 16, 0.7077380952380953
181.1809523809524, 50.0, 16, 16, 0.7077380952380953
181.1809523809524, 50.0, 16, 16, 0.7077380952380953
132.28070175438597, 50.0, 16, 20, 0.4133771929824561
132.28070175438597, 50.0, 16, 20, 0.4133771929824561
132.28070175438597, 50.0, 16, 20, 0.4133771929824561
132.28070175438597, 50.0, 16, 20, 0.4133771929824561
132.28070175438597, 50.0, 16, 20, 0.4133771929824561
184.21052631578948, 50.0, 16, 20, 0.5756578947368421
184.21052631578948, 50.0, 16, 20, 0.5756578947368421
184.21052631578948, 50.0, 16, 20, 0.5756578947368421
184.21052631578948, 50.0, 16, 20, 0.5756578947368421
184.21052631578948, 50.0, 16, 20, 0.5756578947368421
223.04093567251465, 50.0, 16, 20, 0.6970029239766082
223.04093567251465, 50.0, 16, 20, 0.6970029239766082
223.04093567251465, 50.0, 16, 20, 0.6970029239766082
223.04093567251465, 50.0, 16, 20, 0.6970029239766082
223.04093567251465, 50.0, 16, 20, 0.6970029239766082
183.61904761904762, 50.0, 16, 16, 0.7172619047619048
183.61904761904762, 50.0, 16, 16, 0.7172619047619048
183.61904761904762, 50.0, 16, 16, 0.7172619047619048
183.61904761904762, 50.0, 16, 16, 0.7172619047619048
183.61904761904762, 74.83333333333333, 16, 16, 0.7172619047619048
182.55238095238096, 50.0, 16, 16, 0.7130952380952381
182.55238095238096, 97.66666666666667, 16, 16, 0.7130952380952381
182.55238095238096, 50.0, 16, 16, 0.7130952380952381
182.55238095238096, 50.0, 16, 16, 0.7130952380952381
182.55238095238096, 50.0, 16, 16, 0.7130952380952381
181.7904761904762, 50.0, 16, 16, 0.7101190476190476
181.7904761904762, 50.0, 16, 16, 0.7101190476190476
181.7904761904762, 50.0, 16, 16, 0.7101190476190476
181.7904761904762, 50.0, 16, 16, 0.7101190476190476
181.7904761904762, 50.0, 16, 16, 0.7101190476190476
132.98245614035088, 50.0, 16, 20, 0.4155701754385965
132.98245614035088, 50.0, 16, 20, 0.4155701754385965
132.98245614035088, 50.0, 16, 20, 0.4155701754385965
132.98245614035088, 50.0, 16, 20, 0.4155701754385965
132.98245614035088, 50.0, 16, 20, 0.4155701754385965
180.93567251461988, 50.0, 16, 20, 0.5654239766081871
180.93567251461988, 50.0, 16, 20, 0.5654239766081871
180.93567251461988, 50.0, 16, 20, 0.5654239766081871
180.93567251461988, 50.0, 16, 20, 0.5654239766081871
180.93567251461988, 50.0, 16, 20, 0.5654239766081871
230.29239766081872, 50.0, 16, 20, 0.7196637426900585
230.29239766081872, 50.0, 16, 20, 0.7196637426900585
230.29239766081872, 50.0, 16, 20, 0.7196637426900585
230.29239766081872, 50.0, 16, 20, 0.7196637426900585
230.29239766081872, 50.0, 16, 20, 0.7196637426900585
175.54285714285714, 50.0, 16, 16, 0.6857142857142857
175.54285714285714, 50.0, 16, 16, 0.6857142857142857
175.54285714285714, 50.0, 16, 16, 0.6857142857142857
175.54285714285714, 50.0, 16, 16, 0.6857142857142857
175.54285714285714, 50.0, 16, 16, 0.6857142857142857
183.77142857142857, 50.0, 16, 16, 0.7178571428571429
183.77142857142857, 50.0, 16, 16, 0.7178571428571429
183.77142857142857, 50.0, 16, 16, 0.7178571428571429
183.77142857142857, 50.0, 16, 16, 0.7178571428571429
183.77142857142857, 50.0, 16, 16, 0.7178571428571429
180.57142857142858, 50.0, 16, 16, 0.7053571428571429
180.57142857142858, 50.0, 16, 16, 0.7053571428571429
180.57142857142858, 50.0, 16, 16, 0.7053571428571429
180.57142857142858, 50.0, 16, 16, 0.7053571428571429
180.57142857142858, 50.0, 16, 16, 0.7053571428571429
132.51461988304095, 62.083333333333336, 16, 20, 0.4141081871345029
132.51461988304095, 50.0, 16, 20, 0.4141081871345029
132.51461988304095, 62.416666666666664, 16, 20, 0.4141081871345029
132.51461988304095, 98.83333333333333, 16, 20, 0.4141081871345029
132.51461988304095, 50.0, 16, 20, 0.4141081871345029
176.95906432748535, 50.0, 16, 20, 0.5529970760233918
176.95906432748535, 50.0, 16, 20, 0.5529970760233918
176.95906432748535, 50.0, 16, 20, 0.5529970760233918
176.95906432748535, 50.0, 16, 20, 0.5529970760233918
176.95906432748535, 50.0, 16, 20, 0.5529970760233918
229.82456140350877, 50.0, 16, 20, 0.7182017543859649
229.82456140350877, 50.0, 16, 20, 0.7182017543859649
229.82456140350877, 50.0, 16, 20, 0.7182017543859649
229.82456140350877, 50.0, 16, 20, 0.7182017543859649
229.82456140350877, 50.0, 16, 20, 0.7182017543859649
176.45714285714286, 50.0, 16, 16, 0.6892857142857143
176.45714285714286, 50.0, 16, 16, 0.6892857142857143
176.45714285714286, 50.0, 16, 16, 0.6892857142857143
176.45714285714286, 50.0, 16, 16, 0.6892857142857143
176.45714285714286, 50.0, 16, 16, 0.6892857142857143
184.68571428571428, 50.0, 16, 16, 0.7214285714285714
184.68571428571428, 50.0, 16, 16, 0.7214285714285714
184.68571428571428, 50.0, 16, 16, 0.7214285714285714
184.68571428571428, 50.0, 16, 16, 0.7214285714285714
184.68571428571428, 50.0, 16, 16, 0.7214285714285714
176.9142857142857, 50.0, 16, 16, 0.6910714285714286
176.9142857142857, 50.0, 16, 16, 0.6910714285714286
176.9142857142857, 50.0, 16, 16, 0.6910714285714286
176.9142857142857, 50.0, 16, 16, 0.6910714285714286
176.9142857142857, 50.0, 16, 16, 0.6910714285714286
136.37426900584796, 50.0, 16, 20, 0.42616959064327486
136.37426900584796, 50.0, 16, 20, 0.42616959064327486
136.37426900584796, 50.0, 16, 20, 0.42616959064327486
136.37426900584796, 94.66666666666667, 16, 20, 0.42616959064327486
136.37426900584796, 50.0, 16, 20, 0.42616959064327486
178.94736842105263, 50.0, 16, 20, 0.5592105263157895
178.94736842105263, 50.0, 16, 20, 0.5592105263157895
178.94736842105263, 50.0, 16, 20, 0.5592105263157895
178.94736842105263, 50.0, 16, 20, 0.5592105263157895
178.94736842105263, 50.0, 16, 20, 0.5592105263157895
228.0701754385965, 50.0, 16, 20, 0.7127192982456141
228.0701754385965, 50.0, 16, 20, 0.7127192982456141
228.0701754385965, 50.0, 16, 20, 0.7127192982456141
228.0701754385965, 50.0, 16, 20, 0.7127192982456141
228.0701754385965, 50.0, 16, 20, 0.7127192982456141
14.666666666666666, 61.666666666666664, 8, 4, 0.4583333333333333
14.666666666666666, 56.75, 8, 4, 0.4583333333333333
